Phi = 1.83681789552335
Epicentral distance = 40.82272121749086
#Observer: XY1 null 41.0132 0.0 Source: G30A_TA 0.0 0.0 0.0
#perturbation radius= 5700.0
(Real) 0 0.0000000000000000e+00 0.0000000000000000e+00 0.0000000000000000e+00 0.0000000000000000e+00 0.0000000000000000e+00 0.0000000000000000e+00 0.0000000000000000e+00 0.0000000000000000e+00 0.0000000000000000e+00
(Imag) 0 0.0000000000000000e+00 0.0000000000000000e+00 0.0000000000000000e+00 0.0000000000000000e+00 0.0000000000000000e+00 0.0000000000000000e+00 0.0000000000000000e+00 0.0000000000000000e+00 0.0000000000000000e+00
(Real) 1 -1.0193863068283390e-11 4.7390686593342380e-12 0.0000000000000000e+00 -4.2052807118003770e-12 3.4258330660100920e-12 3.4258330660100920e-12 3.4258330660100920e-12 3.4258330660100920e-12 3.4258330660100920e-12
(Imag) 1 4.5323061304600996e-11 -3.2682157330421063e-12 0.0000000000000000e+00 1.4778939603954766e-12 -3.1909476264883072e-12 -3.1909476264883072e-12 -3.1909476264883072e-12 -3.1909476264883072e-12 -3.1909476264883072e-12
(Real) 2 4.7428343750929874e-11 1.1275662453175067e-11 0.0000000000000000e+00 -2.6058636527264774e-12 2.0659214318854637e-14 2.0659214318854637e-14 2.0659214318854637e-14 2.0659214318854637e-14 2.0659214318854637e-14
(Imag) 2 2.5376641054172937e-11 3.4148000626949940e-12 0.0000000000000000e+00 6.7103577375599740e-12 -8.5370863329496450e-12 -8.5370863329496450e-12 -8.5370863329496450e-12 -8.5370863329496450e-12 -8.5370863329496450e-12
(Real) 3 5.3425024498763330e-11 2.5152147815541584e-11 0.0000000000000000e+00 6.3683255086321910e-12 -9.5641677366978900e-12 -9.5641677366978900e-12 -9.5641677366978900e-12 -9.5641677366978900e-12 -9.5641677366978900e-12
(Imag) 3 -3.5505148354031150e-11 -1.9109496160597858e-11 0.0000000000000000e+00 5.8203801842442020e-12 -9.9081639656504800e-12 -9.9081639656504800e-12 -9.9081639656504800e-12 -9.9081639656504800e-12 -9.9081639656504800e-12
(Real) 4 2.1691117719442087e-12 -7.3279612714157040e-12 0.0000000000000000e+00 8.1722939848727230e-12 -2.2376057993417982e-11 -2.2376057993417982e-11 -2.2376057993417982e-11 -2.2376057993417982e-11 -2.2376057993417982e-11
(Imag) 4 -9.1861421900003960e-11 -4.8066198646985156e-11 0.0000000000000000e+00 -3.7571445232950680e-12 -1.1650443966325245e-12 -1.1650443966325245e-12 -1.1650443966325245e-12 -1.1650443966325245e-12 -1.1650443966325245e-12
(Real) 5 -1.4912665802694187e-10 -5.5178732994404910e-11 0.0000000000000000e+00 2.2420817668529017e-12 -2.4512460751354330e-11 -2.4512460751354330e-11 -2.4512460751354330e-11 -2.4512460751354330e-11 -2.4512460751354330e-11
(Imag) 5 -6.4341448508731820e-11 -2.1128033286052420e-11 0.0000000000000000e+00 -1.5666033868825903e-11 2.6189460987728835e-11 2.6189460987728835e-11 2.6189460987728835e-11 2.6189460987728835e-11 2.6189460987728835e-11
(Real) 6 -1.0727105821827452e-10 -5.0317938498778930e-11 0.0000000000000000e+00 -3.3515819766339825e-11 1.3811844762264338e-11 1.3811844762264338e-11 1.3811844762264338e-11 1.3811844762264338e-11 1.3811844762264338e-11
(Imag) 6 2.3131189764457850e-10 3.4326071244982346e-11 0.0000000000000000e+00 -7.4224993477108640e-12 4.9461592781470470e-11 4.9461592781470470e-11 4.9461592781470470e-11 4.9461592781470470e-11 4.9461592781470470e-11
(Real) 7 3.1914644938854637e-10 -1.4451910005042325e-11 0.0000000000000000e+00 -6.4841358987910360e-12 6.3256422443051080e-11 6.3256422443051080e-11 6.3256422443051080e-11 6.3256422443051080e-11 6.3256422443051080e-11
(Imag) 7 9.0997326247268370e-11 5.4346554148928550e-11 0.0000000000000000e+00 5.3825985902338655e-11 1.0257811774242210e-11 1.0257811774242210e-11 1.0257811774242210e-11 1.0257811774242210e-11 1.0257811774242210e-11
(Real) 8 -1.0227454235428479e-11 2.6633503117001585e-11 0.0000000000000000e+00 6.4259075935335470e-11 3.0832733826684130e-11 3.0832733826684130e-11 3.0832733826684130e-11 3.0832733826684130e-11 3.0832733826684130e-11
(Imag) 8 -3.8512678502230135e-10 8.6581701410493790e-11 0.0000000000000000e+00 -6.8153720089181406e-12 -6.3332494269078820e-11 -6.3332494269078820e-11 -6.3332494269078820e-11 -6.3332494269078820e-11 -6.3332494269078820e-11
(Real) 9 -3.8218618085972174e-10 1.7310454047246583e-10 0.0000000000000000e+00 -3.6357045302704260e-11 -5.5323527040151690e-11 -5.5323527040151690e-11 -5.5323527040151690e-11 -5.5323527040151690e-11 -5.5323527040151690e-11
(Imag) 9 1.8543462084451638e-10 9.2089638918170760e-12 0.0000000000000000e+00 -5.3039147725225370e-11 -3.6871321877153530e-11 -3.6871321877153530e-11 -3.6871321877153530e-11 -3.6871321877153530e-11 -3.6871321877153530e-11
(Real) 10 3.4620263198228260e-10 -2.6429483826169020e-12 0.0000000000000000e+00 -1.3669787917637339e-11 -3.2592445046138480e-11 -3.2592445046138480e-11 -3.2592445046138480e-11 -3.2592445046138480e-11 -3.2592445046138480e-11
(Imag) 10 2.4468330760617786e-10 -2.4889335868268497e-10 0.0000000000000000e+00 7.4921918901236110e-11 4.3709068062820210e-11 4.3709068062820210e-11 4.3709068062820210e-11 4.3709068062820210e-11 4.3709068062820210e-11
(Real) 11 -1.0768607722692541e-11 -2.7391751978348494e-10 0.0000000000000000e+00 9.8821352045754090e-11 2.8875891763432860e-11 2.8875891763432860e-11 2.8875891763432860e-11 2.8875891763432860e-11 2.8875891763432860e-11
(Imag) 11 -3.4379557051872233e-10 8.6012755224364610e-11 0.0000000000000000e+00 -4.2431898664365385e-11 3.2662403018995884e-11 3.2662403018995884e-11 3.2662403018995884e-11 3.2662403018995884e-11 3.2662403018995884e-11
(Real) 12 -9.3568298182341490e-11 1.9649663672829007e-10 0.0000000000000000e+00 -8.4616681630982370e-11 5.1204898226800220e-11 5.1204898226800220e-11 5.1204898226800220e-11 5.1204898226800220e-11 5.1204898226800220e-11
(Imag) 12 2.4648591259577350e-10 2.1692209153544607e-10 0.0000000000000000e+00 -8.9303952927528540e-11 -8.6526328788091080e-12 -8.6526328788091080e-12 -8.6526328788091080e-12 -8.6526328788091080e-12 -8.6526328788091080e-12
(Real) 13 3.0429871469011810e-10 1.1567943998041724e-10 0.0000000000000000e+00 -5.5959945803823970e-11 6.1951660767765290e-12 6.1951660767765290e-12 6.1951660767765290e-12 6.1951660767765290e-12 6.1951660767765290e-12
(Imag) 13 -2.9616184671638130e-10 -2.2924814434028277e-10 0.0000000000000000e+00 8.3619916141294950e-11 -8.2856746507398660e-11 -8.2856746507398660e-11 -8.2856746507398660e-11 -8.2856746507398660e-11 -8.2856746507398660e-11
(Real) 14 -6.0097469972637970e-10 -1.2522651557689517e-10 0.0000000000000000e+00 3.7989823294791050e-11 -1.0377705114510168e-10 -1.0377705114510168e-10 -1.0377705114510168e-10 -1.0377705114510168e-10 -1.0377705114510168e-10
(Imag) 14 -1.6357520294933312e-10 -5.9523027060565740e-11 0.0000000000000000e+00 2.9935678012041244e-11 -9.3799217567073390e-12 -9.3799217567073390e-12 -9.3799217567073390e-12 -9.3799217567073390e-12 -9.3799217567073390e-12
(Real) 15 3.6391324996963904e-11 -1.0083003722688422e-10 0.0000000000000000e+00 3.6387952257169900e-11 -8.8651327937556380e-12 -8.8651327937556380e-12 -8.8651327937556380e-12 -8.8651327937556380e-12 -8.8651327937556380e-12
(Imag) 15 6.6690048122119840e-10 -7.1424040348656790e-11 0.0000000000000000e+00 2.5664799731184115e-11 9.6963500274653840e-11 9.6963500274653840e-11 9.6963500274653840e-11 9.6963500274653840e-11 9.6963500274653840e-11
(Real) 16 5.2377919627735810e-10 -2.5369223383443940e-10 0.0000000000000000e+00 7.1194790266422830e-11 6.7481064551341960e-11 6.7481064551341960e-11 6.7481064551341960e-11 6.7481064551341960e-11 6.7481064551341960e-11
(Imag) 16 -1.3101616808084066e-10 1.9700835725945782e-10 0.0000000000000000e+00 -7.4414759716037260e-11 1.3650876037020162e-11 1.3650876037020162e-11 1.3650876037020162e-11 1.3650876037020162e-11 1.3650876037020162e-11
(Real) 17 -5.9066352373684930e-11 2.5091757019176160e-10 0.0000000000000000e+00 -1.1820222312941668e-10 2.7557436382181844e-11 2.7557436382181844e-11 2.7557436382181844e-11 2.7557436382181844e-11 2.7557436382181844e-11
(Imag) 17 -3.3380184907496330e-10 3.3355014974376617e-10 0.0000000000000000e+00 -8.2061327175752110e-11 -2.8941018933295812e-11 -2.8941018933295812e-11 -2.8941018933295812e-11 -2.8941018933295812e-11 -2.8941018933295812e-11
(Real) 18 -2.5225271810939935e-10 2.9711143160173590e-10 0.0000000000000000e+00 -6.9374295671245010e-11 -2.6614113570247370e-13 -2.6614113570247370e-13 -2.6614113570247370e-13 -2.6614113570247370e-13 -2.6614113570247370e-13
(Imag) 18 -1.1854596610574833e-10 -1.8869874334975855e-10 0.0000000000000000e+00 1.4328257144924847e-10 -4.5366238823196633e-11 -4.5366238823196633e-11 -4.5366238823196633e-11 -4.5366238823196633e-11 -4.5366238823196633e-11
(Real) 19 -2.9123163474809567e-10 -2.5109982029921333e-11 0.0000000000000000e+00 1.4092386797980503e-10 -5.8307236490376760e-11 -5.8307236490376760e-11 -5.8307236490376760e-11 -5.8307236490376760e-11 -5.8307236490376760e-11
(Imag) 19 3.3216043070848477e-10 -1.7562673027257145e-10 0.0000000000000000e+00 5.5473316319998390e-11 -8.4884524100442280e-12 -8.4884524100442280e-12 -8.4884524100442280e-12 -8.4884524100442280e-12 -8.4884524100442280e-12
(Real) 20 5.1112978518027720e-10 -3.6732243464921550e-11 0.0000000000000000e+00 5.8541965966051780e-11 1.9213289287276270e-12 1.9213289287276270e-12 1.9213289287276270e-12 1.9213289287276270e-12 1.9213289287276270e-12
(Imag) 20 3.8364932988399405e-10 -1.5045221532863444e-10 0.0000000000000000e+00 -1.1691416110968764e-10 6.1706778288116770e-11 6.1706778288116770e-11 6.1706778288116770e-11 6.1706778288116770e-11 6.1706778288116770e-11
(Real) 21 3.8968991285684870e-10 -2.4793373144607426e-10 0.0000000000000000e+00 -8.5825421235764120e-11 6.2888477505950650e-11 6.2888477505950650e-11 6.2888477505950650e-11 6.2888477505950650e-11 6.2888477505950650e-11
(Imag) 21 -6.7771689857409310e-10 -7.0396133028570580e-11 0.0000000000000000e+00 -8.0201376964921510e-11 -1.7707225987996133e-11 -1.7707225987996133e-11 -1.7707225987996133e-11 -1.7707225987996133e-11 -1.7707225987996133e-11
(Real) 22 -7.4621679955895760e-10 -1.1085112655472742e-10 0.0000000000000000e+00 -1.0766448632385871e-10 -2.2762268714800912e-11 -2.2762268714800912e-11 -2.2762268714800912e-11 -2.2762268714800912e-11 -2.2762268714800912e-11
(Imag) 22 -3.4201065514170815e-10 2.2732607628621094e-10 0.0000000000000000e+00 5.7133601605985430e-11 -7.3064798068846260e-11 -7.3064798068846260e-11 -7.3064798068846260e-11 -7.3064798068846260e-11 -7.3064798068846260e-11
(Real) 23 -2.7886428133461094e-10 1.2495489857893730e-10 0.0000000000000000e+00 3.5745365265527240e-11 -9.3117906548733190e-11 -9.3117906548733190e-11 -9.3117906548733190e-11 -9.3117906548733190e-11 -9.3117906548733190e-11
(Imag) 23 6.9003354972353130e-10 7.1191951589356530e-11 0.0000000000000000e+00 1.2732505261117199e-10 8.8440543808840580e-12 8.8440543808840580e-12 8.8440543808840580e-12 8.8440543808840580e-12 8.8440543808840580e-12
(Real) 24 5.4238245281914830e-10 -3.1953945188352040e-11 0.0000000000000000e+00 1.3296800494567743e-10 -2.5330469419656420e-11 -2.5330469419656420e-11 -2.5330469419656420e-11 -2.5330469419656420e-11 -2.5330469419656420e-11
(Imag) 24 2.0732699055304520e-10 -1.8819228131440537e-11 0.0000000000000000e+00 -2.1697460225776660e-11 1.1306872675845658e-10 1.1306872675845658e-10 1.1306872675845658e-10 1.1306872675845658e-10 1.1306872675845658e-10
(Real) 25 1.1898925216588303e-10 2.1250198929411153e-11 0.0000000000000000e+00 -1.0674611238450560e-11 1.2334690673858228e-10 1.2334690673858228e-10 1.2334690673858228e-10 1.2334690673858228e-10 1.2334690673858228e-10
(Imag) 25 -3.7071816039756610e-10 1.5105146277535347e-10 0.0000000000000000e+00 -1.2728827997472500e-10 7.0081624523799560e-11 7.0081624523799560e-11 7.0081624523799560e-11 7.0081624523799560e-11 7.0081624523799560e-11
(Real) 26 -2.2946632995923970e-10 2.4396838302634797e-10 0.0000000000000000e+00 -1.2183071571249663e-10 1.0399563203694704e-10 1.0399563203694704e-10 1.0399563203694704e-10 1.0399563203694704e-10 1.0399563203694704e-10
(Imag) 26 -9.6496217297101080e-12 4.0036043042100936e-11 0.0000000000000000e+00 -3.7028525711102310e-12 -1.1743832068357453e-10 -1.1743832068357453e-10 -1.1743832068357453e-10 -1.1743832068357453e-10 -1.1743832068357453e-10
(Real) 27 1.0129012916453631e-10 1.5904589107131628e-10 0.0000000000000000e+00 -2.5613807308317160e-11 -9.0172130841726670e-11 -9.0172130841726670e-11 -9.0172130841726670e-11 -9.0172130841726670e-11 -9.0172130841726670e-11
(Imag) 27 1.2347310284631400e-10 -2.8478983699457250e-10 0.0000000000000000e+00 1.2435799417047842e-10 -1.2409758496305146e-10 -1.2409758496305146e-10 -1.2409758496305146e-10 -1.2409758496305146e-10 -1.2409758496305146e-10
(Real) 28 3.2073866094267290e-11 -2.6952950890961976e-10 0.0000000000000000e+00 1.3535654277339954e-10 -1.3207246682550788e-10 -1.3207246682550788e-10 -1.3207246682550788e-10 -1.3207246682550788e-10 -1.3207246682550788e-10
(Imag) 28 -1.8938164285806263e-10 -2.6527894609579567e-10 0.0000000000000000e+00 5.8456988995939070e-11 5.5098756787733586e-11 5.5098756787733586e-11 5.5098756787733586e-11 5.5098756787733586e-11 5.5098756787733586e-11
(Real) 29 -2.0965634438363439e-10 -3.0315004383347007e-10 0.0000000000000000e+00 9.6734180236123300e-11 2.0991381294999580e-11 2.0991381294999580e-11 2.0991381294999580e-11 2.0991381294999580e-11 2.0991381294999580e-11
(Imag) 29 9.7482995771287260e-11 2.1378274108388788e-10 0.0000000000000000e+00 -1.4675014277653943e-10 1.3047534069442432e-10 1.3047534069442432e-10 1.3047534069442432e-10 1.3047534069442432e-10 1.3047534069442432e-10
(Real) 30 3.0962216834662566e-10 1.6463844042352720e-10 0.0000000000000000e+00 -1.4647106630660033e-10 1.2846775084444985e-10 1.2846775084444985e-10 1.2846775084444985e-10 1.2846775084444985e-10 1.2846775084444985e-10
(Imag) 30 1.6684419562056089e-10 2.5914135502854290e-10 0.0000000000000000e+00 -1.3887422955358850e-10 8.7920392094938920e-12 8.7920392094938920e-12 8.7920392094938920e-12 8.7920392094938920e-12 8.7920392094938920e-12
(Real) 31 7.4418717526427950e-11 1.7132380565978126e-10 0.0000000000000000e+00 -1.7747456443073748e-10 3.2099015463684550e-11 3.2099015463684550e-11 3.2099015463684550e-11 3.2099015463684550e-11 3.2099015463684550e-11
(Imag) 31 -6.0650370293718820e-10 -1.3904234835260290e-10 0.0000000000000000e+00 1.3027723555057666e-10 -1.3074932515472197e-10 -1.3074932515472197e-10 -1.3074932515472197e-10 -1.3074932515472197e-10 -1.3074932515472197e-10
(Real) 32 -9.4642581405532710e-10 -1.3746637017707608e-10 0.0000000000000000e+00 9.8695849485306720e-11 -1.3925260039098510e-10 -1.3925260039098510e-10 -1.3925260039098510e-10 -1.3925260039098510e-10 -1.3925260039098510e-10
(Imag) 32 1.7780370066736873e-11 -9.3331056581800380e-11 0.0000000000000000e+00 2.0251062197782656e-10 -5.4274382366879650e-11 -5.4274382366879650e-11 -5.4274382366879650e-11 -5.4274382366879650e-11 -5.4274382366879650e-11
(Real) 33 7.7770624956029350e-11 -7.4794900634305640e-11 0.0000000000000000e+00 2.1127796098104930e-10 -7.9067355799761670e-11 -7.9067355799761670e-11 -7.9067355799761670e-11 -7.9067355799761670e-11 -7.9067355799761670e-11
(Imag) 33 1.2501867103704702e-09 1.2607476147985810e-10 0.0000000000000000e+00 -5.6142439541636965e-11 1.4491599524437921e-10 1.4491599524437921e-10 1.4491599524437921e-10 1.4491599524437921e-10 1.4491599524437921e-10
(Real) 34 1.4455309481621210e-09 5.4672729669805244e-11 0.0000000000000000e+00 -1.6632232954068226e-11 1.4073484921785600e-10 1.4073484921785600e-10 1.4073484921785600e-10 1.4073484921785600e-10 1.4073484921785600e-10
(Imag) 34 -9.5992290456522870e-11 1.1046249590501120e-10 0.0000000000000000e+00 -2.0685821955690616e-10 1.1481537186181869e-10 1.1481537186181869e-10 1.1481537186181869e-10 1.1481537186181869e-10 1.1481537186181869e-10
(Real) 35 -9.8199598946832770e-11 1.7194567182701913e-10 0.0000000000000000e+00 -1.9592113680344272e-10 1.5313512490915543e-10 1.5313512490915543e-10 1.5313512490915543e-10 1.5313512490915543e-10 1.5313512490915543e-10
(Imag) 35 -1.4843441464268812e-09 9.7277615319901640e-11 0.0000000000000000e+00 -1.1290656603898232e-11 -1.2280708905874397e-10 -1.2280708905874397e-10 -1.2280708905874397e-10 -1.2280708905874397e-10 -1.2280708905874397e-10
(Real) 36 -1.3724288222761623e-09 2.9292557985890997e-10 0.0000000000000000e+00 -2.4709397322351657e-11 -8.8799424778421650e-11 -8.8799424778421650e-11 -8.8799424778421650e-11 -8.8799424778421650e-11 -8.8799424778421650e-11
(Imag) 36 1.1791073961909682e-10 -2.0034333443631066e-10 0.0000000000000000e+00 1.9012949243729630e-10 -1.8193724723145140e-10 -1.8193724723145140e-10 -1.8193724723145140e-10 -1.8193724723145140e-10 -1.8193724723145140e-10
(Real) 37 1.8562951632099205e-10 -1.5926614635403867e-10 0.0000000000000000e+00 1.9445381066239517e-10 -1.9979259850234193e-10 -1.9979259850234193e-10 -1.9979259850234193e-10 -1.9979259850234193e-10 -1.9979259850234193e-10
(Imag) 37 1.1597809076628504e-09 -4.7814271811657620e-10 0.0000000000000000e+00 3.0156675095582870e-11 4.9531710689433224e-11 4.9531710689433224e-11 4.9531710689433224e-11 4.9531710689433224e-11 4.9531710689433224e-11
(Real) 38 9.1923234719912560e-10 -5.9986085415914190e-10 0.0000000000000000e+00 3.7531673827319890e-11 2.0065818203724573e-11 2.0065818203724573e-11 2.0065818203724573e-11 2.0065818203724573e-11 2.0065818203724573e-11
(Imag) 38 -2.9481220138375070e-10 5.7850505181580200e-11 0.0000000000000000e+00 -2.0907644781490080e-10 2.0358588013446562e-10 2.0358588013446562e-10 2.0358588013446562e-10 2.0358588013446562e-10 2.0358588013446562e-10
(Real) 39 -4.0932115470445655e-10 -4.7137042043240385e-11 0.0000000000000000e+00 -2.2644049003403730e-10 1.9796754560825440e-10 1.9796754560825440e-10 1.9796754560825440e-10 1.9796754560825440e-10 1.9796754560825440e-10
(Imag) 39 -7.0173030294029770e-10 6.2056354787329130e-10 0.0000000000000000e+00 -5.4627270593512300e-11 2.0555538429072254e-12 2.0555538429072254e-12 2.0555538429072254e-12 2.0555538429072254e-12 2.0555538429072254e-12
(Real) 40 -5.2534163326344990e-10 5.5962398231746140e-10 0.0000000000000000e+00 -8.1095169587955180e-11 2.1403345634328167e-11 2.1403345634328167e-11 2.1403345634328167e-11 2.1403345634328167e-11 2.1403345634328167e-11
(Imag) 40 4.8581685592165750e-10 1.0742190725112351e-10 0.0000000000000000e+00 2.3520569730236760e-10 -1.9893593426971165e-10 -1.9893593426971165e-10 -1.9893593426971165e-10 -1.9893593426971165e-10 -1.9893593426971165e-10
(Real) 41 4.8889551385595610e-10 1.0923822300610687e-10 0.0000000000000000e+00 2.2812811555415890e-10 -2.0405751592062143e-10 -2.0405751592062143e-10 -2.0405751592062143e-10 -2.0405751592062143e-10 -2.0405751592062143e-10
(Imag) 41 3.6352307341375390e-10 -4.8586881500365600e-10 0.0000000000000000e+00 1.1543345074990293e-10 -4.2213697264770480e-11 -4.2213697264770480e-11 -4.2213697264770480e-11 -4.2213697264770480e-11 -4.2213697264770480e-11
(Real) 42 1.8213509966411814e-10 -4.5777266398694766e-10 0.0000000000000000e+00 1.5084495081659032e-10 -7.7752498949537110e-11 -7.7752498949537110e-11 -7.7752498949537110e-11 -7.7752498949537110e-11 -7.7752498949537110e-11
(Imag) 42 -4.1684203862500457e-10 -7.4078359258602350e-11 0.0000000000000000e+00 -2.0373929422438027e-10 2.0735835129654467e-10 2.0735835129654467e-10 2.0735835129654467e-10 2.0735835129654467e-10 2.0735835129654467e-10
(Real) 43 -2.9520419260688220e-10 -6.7913173836529840e-11 0.0000000000000000e+00 -1.6777690260153416e-10 1.9906724141491066e-10 1.9906724141491066e-10 1.9906724141491066e-10 1.9906724141491066e-10 1.9906724141491066e-10
(Imag) 43 4.6445272886670780e-11 4.9537727739700630e-10 0.0000000000000000e+00 -1.8446113633304373e-10 1.2531726260523246e-10 1.2531726260523246e-10 1.2531726260523246e-10 1.2531726260523246e-10 1.2531726260523246e-10
(Real) 44 3.0720766651770710e-10 5.6316476511703560e-10 0.0000000000000000e+00 -2.1408892895401690e-10 1.7577899421819604e-10 1.7577899421819604e-10 1.7577899421819604e-10 1.7577899421819604e-10 1.7577899421819604e-10
(Imag) 44 1.4976709508246732e-10 1.4560364719801288e-10 0.0000000000000000e+00 1.2669184842516770e-10 -1.7138630559185690e-10 -1.7138630559185690e-10 -1.7138630559185690e-10 -1.7138630559185690e-10 -1.7138630559185690e-10
(Real) 45 4.0742720317630370e-12 3.1033755848141290e-10 0.0000000000000000e+00 8.3011769769892760e-11 -1.2110430924508157e-10 -1.2110430924508157e-10 -1.2110430924508157e-10 -1.2110430924508157e-10 -1.2110430924508157e-10
(Imag) 45 -5.7044618856817470e-10 -5.7977927466061850e-10 0.0000000000000000e+00 2.4690017930948417e-10 -2.0518246907941077e-10 -2.0518246907941077e-10 -2.0518246907941077e-10 -2.0518246907941077e-10 -2.0518246907941077e-10
(Real) 46 -7.8143211622153480e-10 -4.6905000003196480e-10 0.0000000000000000e+00 2.8951343456117500e-10 -2.0367362690352994e-10 -2.0367362690352994e-10 -2.0367362690352994e-10 -2.0367362690352994e-10 -2.0367362690352994e-10
(Imag) 46 1.6003861667143434e-10 -5.0826882819567790e-10 0.0000000000000000e+00 -3.8710484367524380e-11 5.0432036818884643e-11 5.0432036818884643e-11 5.0432036818884643e-11 5.0432036818884643e-11 5.0432036818884643e-11
(Real) 47 3.5839639798288710e-10 -6.4750143556847350e-10 0.0000000000000000e+00 9.6505255381682810e-12 -1.2735496775112007e-11 -1.2735496775112007e-11 -1.2735496775112007e-11 -1.2735496775112007e-11 -1.2735496775112007e-11
(Imag) 47 9.1728696286688460e-10 2.2464711625619785e-10 0.0000000000000000e+00 -3.3781576513798896e-10 1.7934788077153315e-10 1.7934788077153315e-10 1.7934788077153315e-10 1.7934788077153315e-10 1.7934788077153315e-10
(Real) 48 9.8156161776040250e-10 -8.7680324153612180e-11 0.0000000000000000e+00 -3.8275773658912290e-10 1.3426481556839197e-10 1.3426481556839197e-10 1.3426481556839197e-10 1.3426481556839197e-10 1.3426481556839197e-10
(Imag) 48 -6.2432563423275640e-10 6.3583453116870360e-10 0.0000000000000000e+00 -7.0933709979935380e-11 4.4512023499072626e-11 4.4512023499072626e-11 4.4512023499072626e-11 4.4512023499072626e-11 4.4512023499072626e-11
(Real) 49 -9.3959200095854400e-10 4.4958576548739265e-10 0.0000000000000000e+00 -1.4674729053960637e-10 4.3829443498509664e-11 4.3829443498509664e-11 4.3829443498509664e-11 4.3829443498509664e-11 4.3829443498509664e-11
(Imag) 49 -1.0226707759073249e-09 3.6586279731442624e-10 0.0000000000000000e+00 4.1574870288152840e-10 -9.9268672546142490e-11 -9.9268672546142490e-11 -9.9268672546142490e-11 -9.9268672546142490e-11 -9.9268672546142490e-11
(Real) 50 -1.0773105713494535e-09 5.0107355957168170e-10 0.0000000000000000e+00 4.2541815450332903e-10 -1.0231769810121032e-10 -1.0231769810121032e-10 -1.0231769810121032e-10 -1.0231769810121032e-10 -1.0231769810121032e-10
(Imag) 50 1.2551837772692360e-09 -1.7476914686511795e-10 0.0000000000000000e+00 2.2707494869567560e-10 -1.6248362897002980e-11 -1.6248362897002980e-11 -1.6248362897002980e-11 -1.6248362897002980e-11 -1.6248362897002980e-11
(Real) 51 1.4922674016341959e-09 6.6699143567033850e-11 0.0000000000000000e+00 2.9892693537257705e-10 1.2742221962701653e-11 1.2742221962701653e-11 1.2742221962701653e-11 1.2742221962701653e-11 1.2742221962701653e-11
(Imag) 51 1.1416073194430328e-09 -4.3501487542845580e-10 0.0000000000000000e+00 -4.0739634370818957e-10 1.4878939399592420e-10 1.4878939399592420e-10 1.4878939399592420e-10 1.4878939399592420e-10 1.4878939399592420e-10
(Real) 52 1.1904760512488353e-09 -2.2795856796198210e-10 0.0000000000000000e+00 -3.7097425478537110e-10 2.2735250689569147e-10 2.2735250689569147e-10 2.2735250689569147e-10 2.2735250689569147e-10 2.2735250689569147e-10
(Imag) 52 -1.5996022552801690e-09 -1.5614609428173660e-10 0.0000000000000000e+00 -3.5356448606376046e-10 -1.2680072437636312e-11 -1.2680072437636312e-11 -1.2680072437636312e-11 -1.2680072437636312e-11 -1.2680072437636312e-11
(Real) 53 -1.5601070610307502e-09 -3.3661954876026710e-11 0.0000000000000000e+00 -3.8528649918684293e-10 2.6834377904148566e-11 2.6834377904148566e-11 2.6834377904148566e-11 2.6834377904148566e-11 2.6834377904148566e-11
(Imag) 53 -1.1707090455507372e-09 -9.9560995572561460e-13 0.0000000000000000e+00 3.3231966771307466e-10 -3.0710829386435665e-10 -3.0710829386435665e-10 -3.0710829386435665e-10 -3.0710829386435665e-10 -3.0710829386435665e-10
(Real) 54 -1.0391906103577732e-09 -1.2093790294972852e-10 0.0000000000000000e+00 3.0132170343267823e-10 -3.5291749496135067e-10 -3.5291749496135067e-10 -3.5291749496135067e-10 -3.5291749496135067e-10 -3.5291749496135067e-10
(Imag) 54 1.4235280458700220e-09 -2.5281859278552360e-10 0.0000000000000000e+00 4.0025843439041005e-10 -1.0313942081532981e-10 -1.0313942081532981e-10 -1.0313942081532981e-10 -1.0313942081532981e-10 -1.0313942081532981e-10
(Real) 55 1.2554071598223465e-09 -5.7183117175314500e-10 0.0000000000000000e+00 4.1531704706505790e-10 -1.9673758782205092e-10 -1.9673758782205092e-10 -1.9673758782205092e-10 -1.9673758782205092e-10 -1.9673758782205092e-10
(Imag) 55 7.9035383350843920e-10 5.5783037425622465e-11 0.0000000000000000e+00 -2.8322224051255335e-10 3.4507317020721330e-10 3.4507317020721330e-10 3.4507317020721330e-10 3.4507317020721330e-10 3.4507317020721330e-10
(Real) 56 4.7571600733665500e-10 -1.7005256391853256e-10 0.0000000000000000e+00 -2.7036625039755046e-10 2.8752709968503056e-10 2.8752709968503056e-10 2.8752709968503056e-10 2.8752709968503056e-10 2.8752709968503056e-10
(Imag) 56 -1.1310477571656477e-09 7.8090793590771690e-10 0.0000000000000000e+00 -4.4292448611079040e-10 2.8090776074538213e-10 2.8090776074538213e-10 2.8090776074538213e-10 2.8090776074538213e-10 2.8090776074538213e-10
(Real) 57 -1.0715656571529744e-09 7.8861327348309490e-10 0.0000000000000000e+00 -4.8799069836746760e-10 3.2560882027227745e-10 3.2560882027227745e-10 3.2560882027227745e-10 3.2560882027227745e-10 3.2560882027227745e-10
(Imag) 57 -1.8501100800296702e-10 4.5762493447956477e-10 0.0000000000000000e+00 2.4651125009991020e-10 -2.0737285452835927e-10 -2.0737285452835927e-10 -2.0737285452835927e-10 -2.0737285452835927e-10 -2.0737285452835927e-10
(Real) 58 6.9682062845820890e-12 6.8359949462576430e-10 0.0000000000000000e+00 1.9647453009643847e-10 -1.1978013472466637e-10 -1.1978013472466637e-10 -1.1978013472466637e-10 -1.1978013472466637e-10 -1.1978013472466637e-10
(Imag) 58 1.0296037121592659e-09 -6.1307636357282540e-10 0.0000000000000000e+00 5.4294385740054110e-10 -3.2119114920267953e-10 -3.2119114920267953e-10 -3.2119114920267953e-10 -3.2119114920267953e-10 -3.2119114920267953e-10
(Real) 59 9.3012187125754750e-10 -3.4900494916022740e-10 0.0000000000000000e+00 5.9071488814176620e-10 -2.9200645296013914e-10 -2.9200645296013914e-10 -2.9200645296013914e-10 -2.9200645296013914e-10 -2.9200645296013914e-10
(Imag) 59 -7.0550759018798270e-11 -7.5848641750365010e-10 0.0000000000000000e+00 -1.1143588798676210e-10 6.0538601021097210e-11 6.0538601021097210e-11 6.0538601021097210e-11 6.0538601021097210e-11 6.0538601021097210e-11
(Real) 60 -3.8829242290312056e-11 -6.6199910167926620e-10 0.0000000000000000e+00 8.6339215639486150e-13 3.8617916164432730e-11 3.8617916164432730e-11 3.8617916164432730e-11 3.8617916164432730e-11 3.8617916164432730e-11
(Imag) 60 -6.9279740122458400e-10 1.1376923177149322e-10 0.0000000000000000e+00 -6.1499608934273420e-10 2.4754553135852895e-10 2.4754553135852895e-10 2.4754553135852895e-10 2.4754553135852895e-10 2.4754553135852895e-10
(Real) 61 -2.9834531292149264e-10 -1.9256721795222212e-11 0.0000000000000000e+00 -6.0593744843361850e-10 2.0285159225491200e-10 2.0285159225491200e-10 2.0285159225491200e-10 2.0285159225491200e-10 2.0285159225491200e-10
(Imag) 61 -1.7641439333704592e-11 4.7632268004261430e-10 0.0000000000000000e+00 -1.2196397158050396e-10 -2.8926662349205394e-11 -2.8926662349205394e-11 -2.8926662349205394e-11 -2.8926662349205394e-11 -2.8926662349205394e-11
(Real) 62 -2.9673301027750790e-11 2.9600194365239080e-10 0.0000000000000000e+00 -2.3328990552060103e-10 -1.4896272610533158e-11 -1.4896272610533158e-11 -1.4896272610533158e-11 -1.4896272610533158e-11 -1.4896272610533158e-11
(Imag) 62 -2.1355966754855804e-10 5.9990578120250220e-11 0.0000000000000000e+00 5.6839437243768130e-10 -1.8754256811708529e-10 -1.8754256811708529e-10 -1.8754256811708529e-10 -1.8754256811708529e-10 -1.8754256811708529e-10
(Real) 63 -7.3684936554261970e-10 4.2806471606340530e-11 0.0000000000000000e+00 5.1781183319126830e-10 -1.8627114949045286e-10 -1.8627114949045286e-10 -1.8627114949045286e-10 -1.8627114949045286e-10 -1.8627114949045286e-10
(Imag) 63 -1.0513481377826869e-11 -1.6836874328498902e-10 0.0000000000000000e+00 3.2306507663204925e-10 -6.6582792296217026e-12 -6.6582792296217026e-12 -6.6582792296217026e-12 -6.6582792296217026e-12 -6.6582792296217026e-12
(Real) 64 -6.3836965302879410e-11 -8.2443699550902740e-11 0.0000000000000000e+00 3.9534090136882414e-10 -4.5454062175908710e-11 -4.5454062175908710e-11 -4.5454062175908710e-11 -4.5454062175908710e-11 -4.5454062175908710e-11
(Imag) 64 1.1674004780286516e-09 -4.6374012428913180e-11 0.0000000000000000e+00 -4.7178715093374480e-10 1.8464633305761843e-10 1.8464633305761843e-10 1.8464633305761843e-10 1.8464633305761843e-10 1.8464633305761843e-10
(Real) 65 1.4406944696111767e-09 -1.1471579357435291e-10 0.0000000000000000e+00 -4.4658529241552590e-10 1.8252398089305022e-10 1.8252398089305022e-10 1.8252398089305022e-10 1.8252398089305022e-10 1.8252398089305022e-10
(Imag) 65 2.7642225359531455e-11 -6.1734536847539290e-12 0.0000000000000000e+00 -4.5983850008968424e-10 9.2283087845241060e-11 9.2283087845241060e-11 9.2283087845241060e-11 9.2283087845241060e-11 9.2283087845241060e-11
(Real) 66 -1.7082635109946940e-10 -1.3782005332081755e-10 0.0000000000000000e+00 -5.2581109875181080e-10 1.3222620881040265e-10 1.3222620881040265e-10 1.3222620881040265e-10 1.3222620881040265e-10 1.3222620881040265e-10
(Imag) 66 -1.5655872452827628e-09 2.1416064993733953e-10 0.0000000000000000e+00 4.3414744921099854e-10 -1.8199624994338868e-10 -1.8199624994338868e-10 -1.8199624994338868e-10 -1.8199624994338868e-10 -1.8199624994338868e-10
(Real) 67 -1.5811348986292583e-09 2.6080533383352567e-10 0.0000000000000000e+00 4.2140784001941475e-10 -1.8588860112394818e-10 -1.8588860112394818e-10 -1.8588860112394818e-10 -1.8588860112394818e-10 -1.8588860112394818e-10
(Imag) 67 5.4561517872789620e-10 3.0800997351947946e-10 0.0000000000000000e+00 6.0284269846251050e-10 -1.6443659091744020e-10 -1.6443659091744020e-10 -1.6443659091744020e-10 -1.6443659091744020e-10 -1.6443659091744020e-10
(Real) 68 1.0290681557727397e-09 4.4591871038152055e-10 0.0000000000000000e+00 6.7989962322164770e-10 -2.0137732485531350e-10 -2.0137732485531350e-10 -2.0137732485531350e-10 -2.0137732485531350e-10 -2.0137732485531350e-10
(Imag) 68 1.5637408634907728e-09 -1.9732303558403604e-10 0.0000000000000000e+00 -3.9648833846216634e-10 2.0325423994142813e-10 2.0325423994142813e-10 2.0325423994142813e-10 2.0325423994142813e-10 2.0325423994142813e-10
(Real) 69 1.5345206834584625e-09 -4.2458265173899740e-11 0.0000000000000000e+00 -3.4141345556176250e-10 2.3475826257810207e-10 2.3475826257810207e-10 2.3475826257810207e-10 2.3475826257810207e-10 2.3475826257810207e-10
(Imag) 69 -1.5034292212103409e-09 -4.6203200076081770e-10 0.0000000000000000e+00 -7.3664999541555860e-10 2.5054862554323805e-10 2.5054862554323805e-10 2.5054862554323805e-10 2.5054862554323805e-10 2.5054862554323805e-10
(Real) 70 -1.8415920515470754e-09 -2.7430337967247467e-10 0.0000000000000000e+00 -7.6233652654065190e-10 3.2333871547626950e-10 3.2333871547626950e-10 3.2333871547626950e-10 3.2333871547626950e-10 3.2333871547626950e-10
(Imag) 70 -1.4661936504679770e-09 -1.2616248131704084e-10 0.0000000000000000e+00 2.5536842753109120e-10 -2.5218484559176173e-10 -2.5218484559176173e-10 -2.5218484559176173e-10 -2.5218484559176173e-10 -2.5218484559176173e-10
(Real) 71 -1.3090522012700630e-09 -1.9655316294769520e-10 0.0000000000000000e+00 1.5326202380184974e-10 -2.4070934451683550e-10 -2.4070934451683550e-10 -2.4070934451683550e-10 -2.4070934451683550e-10 -2.4070934451683550e-10
(Imag) 71 1.9654275396964174e-09 -9.2953068043800840e-11 0.0000000000000000e+00 7.5160034179798280e-10 -4.2748317526483990e-10 -4.2748317526483990e-10 -4.2748317526483990e-10 -4.2748317526483990e-10 -4.2748317526483990e-10
(Real) 72 1.8701881014626124e-09 -5.1365261742752150e-10 0.0000000000000000e+00 7.0934375149666550e-10 -5.2996692264435320e-10 -5.2996692264435320e-10 -5.2996692264435320e-10 -5.2996692264435320e-10 -5.2996692264435320e-10
(Imag) 72 1.0184069010466470e-09 9.3480697161683660e-11 0.0000000000000000e+00 -5.1185574665642690e-11 1.9915061489888200e-10 1.9915061489888200e-10 1.9915061489888200e-10 1.9915061489888200e-10 1.9915061489888200e-10
(Real) 73 5.9658540397287140e-10 -1.9248568261989174e-10 0.0000000000000000e+00 4.2017208106086034e-11 1.1046228037270222e-10 1.1046228037270222e-10 1.1046228037270222e-10 1.1046228037270222e-10 1.1046228037270222e-10
(Imag) 73 -1.6340516288131689e-09 8.2493359903664070e-10 0.0000000000000000e+00 -6.4863657351080340e-10 5.8612095736843690e-10 5.8612095736843690e-10 5.8612095736843690e-10 5.8612095736843690e-10 5.8612095736843690e-10
(Real) 74 -1.3344558947455214e-09 9.1001193396676920e-10 0.0000000000000000e+00 -5.9196543840677010e-10 5.8859222624427140e-10 5.8859222624427140e-10 5.8859222624427140e-10 5.8859222624427140e-10 5.8859222624427140e-10
(Imag) 74 -1.1697880203347443e-10 5.4240602586930280e-10 0.0000000000000000e+00 -1.2955648270432860e-10 3.6328752077246220e-13 3.6328752077246220e-13 3.6328752077246220e-13 3.6328752077246220e-13 3.6328752077246220e-13
(Real) 75 3.2612519449357100e-10 7.9330550927897720e-10 0.0000000000000000e+00 -2.1764327970736812e-10 8.9247524774881880e-11 8.9247524774881880e-11 8.9247524774881880e-11 8.9247524774881880e-11 8.9247524774881880e-11
(Imag) 75 1.0404891664940142e-09 -7.6343996019603170e-10 0.0000000000000000e+00 5.4884654856838630e-10 -5.3102927476662960e-10 -5.3102927476662960e-10 -5.3102927476662960e-10 -5.3102927476662960e-10 -5.3102927476662960e-10
(Real) 76 7.4264392900988960e-10 -4.7919076184716380e-10 0.0000000000000000e+00 5.1449582813476610e-10 -4.2848898593492436e-10 -4.2848898593492436e-10 -4.2848898593492436e-10 -4.2848898593492436e-10 -4.2848898593492436e-10
(Imag) 76 -6.2902658643694960e-10 -8.0701026377296450e-10 0.0000000000000000e+00 3.0392681963781530e-10 -1.3977024792398070e-10 -1.3977024792398070e-10 -1.3977024792398070e-10 -1.3977024792398070e-10 -1.3977024792398070e-10
(Real) 77 -7.8886412695857610e-10 -5.8821380348951280e-10 0.0000000000000000e+00 4.0207991070815320e-10 -1.5343023062660600e-10 -1.5343023062660600e-10 -1.5343023062660600e-10 -1.5343023062660600e-10 -1.5343023062660600e-10
(Imag) 77 -4.1993760613723074e-10 2.3831198802131200e-10 0.0000000000000000e+00 -4.7333155839341280e-10 3.3055485714729545e-10 3.3055485714729545e-10 3.3055485714729545e-10 3.3055485714729545e-10 3.3055485714729545e-10
(Real) 78 -4.0567173591651905e-11 1.6229704556507915e-10 0.0000000000000000e+00 -4.1832362894071737e-10 2.7455645288170797e-10 2.7455645288170797e-10 2.7455645288170797e-10 2.7455645288170797e-10 2.7455645288170797e-10
(Imag) 78 8.0020261781192790e-10 2.5504206718825610e-10 0.0000000000000000e+00 -4.9936750537235910e-10 1.4161349104680800e-10 1.4161349104680800e-10 1.4161349104680800e-10 1.4161349104680800e-10 1.4161349104680800e-10
(Real) 79 7.4581526361162430e-10 -1.2978716224333530e-11 0.0000000000000000e+00 -5.7811391652256170e-10 1.3996464732947535e-10 1.3996464732947535e-10 1.3996464732947535e-10 1.3996464732947535e-10 1.3996464732947535e-10
(Imag) 79 -3.8307950706763790e-10 -2.9210706910934800e-10 0.0000000000000000e+00 3.4812112410253530e-10 -2.6660985019180800e-10 -2.6660985019180800e-10 -2.6660985019180800e-10 -2.6660985019180800e-10 -2.6660985019180800e-10
(Real) 80 -7.7918268502130510e-10 -5.2065453450402170e-10 0.0000000000000000e+00 2.7589492921305830e-10 -2.8374386792893990e-10 -2.8374386792893990e-10 -2.8374386792893990e-10 -2.8374386792893990e-10 -2.8374386792893990e-10
(Imag) 80 -6.8496413194307390e-10 7.0376765783894600e-11 0.0000000000000000e+00 6.3251774831965920e-10 -1.8220570597123138e-10 -1.8220570597123138e-10 -1.8220570597123138e-10 -1.8220570597123138e-10 -1.8220570597123138e-10
(Real) 81 -6.1601101922883990e-10 -1.0740847853204253e-10 0.0000000000000000e+00 6.6057482812539580e-10 -2.7331389131239475e-10 -2.7331389131239475e-10 -2.7331389131239475e-10 -2.7331389131239475e-10 -2.7331389131239475e-10
(Imag) 81 1.0559116322102240e-09 6.6952341121453320e-10 0.0000000000000000e+00 -2.2142437719007487e-10 2.8989647859024210e-10 2.8989647859024210e-10 2.8989647859024210e-10 2.8989647859024210e-10 2.8989647859024210e-10
(Real) 82 1.1560930577126515e-09 5.7960268793668440e-10 0.0000000000000000e+00 -1.9732986995472905e-10 2.3794166478007416e-10 2.3794166478007416e-10 2.3794166478007416e-10 2.3794166478007416e-10 2.3794166478007416e-10
(Imag) 82 4.7100148217190310e-10 4.3054967538120750e-10 0.0000000000000000e+00 -6.7722179775996010e-10 3.8901887715673936e-10 3.8901887715673936e-10 3.8901887715673936e-10 3.8901887715673936e-10 3.8901887715673936e-10
(Real) 83 1.7659471650490375e-10 6.8685276525617660e-10 0.0000000000000000e+00 -7.0048675625153710e-10 5.0572368655267810e-10 5.0572368655267810e-10 5.0572368655267810e-10 5.0572368655267810e-10 5.0572368655267810e-10
(Imag) 83 -1.0910255554406981e-09 -2.3925943935319760e-10 0.0000000000000000e+00 2.0624321738587660e-10 -1.1143609582890573e-10 -1.1143609582890573e-10 -1.1143609582890573e-10 -1.1143609582890573e-10 -1.1143609582890573e-10
(Real) 84 -9.4018019307783650e-10 2.6601865678856015e-10 0.0000000000000000e+00 2.2844739275420386e-10 4.9390305696015396e-11 4.9390305696015396e-11 4.9390305696015396e-11 4.9390305696015396e-11 4.9390305696015396e-11
(Imag) 84 3.2656318682553230e-10 -6.9366777207533370e-10 0.0000000000000000e+00 7.3632264431451160e-10 -5.7200459579959830e-10 -5.7200459579959830e-10 -5.7200459579959830e-10 -5.7200459579959830e-10 -5.7200459579959830e-10
(Real) 85 9.8936372446321330e-10 -4.0681045585295430e-10 0.0000000000000000e+00 7.8147268678253210e-10 -5.5282998042321440e-10 -5.5282998042321440e-10 -5.5282998042321440e-10 -5.5282998042321440e-10 -5.5282998042321440e-10
(Imag) 85 8.0251209519301020e-10 -7.4361889605057270e-10 0.0000000000000000e+00 -2.2874193951105606e-10 -2.1241813695836746e-10 -2.1241813695836746e-10 -2.1241813695836746e-10 -2.1241813695836746e-10 -2.1241813695836746e-10
(Real) 86 7.4044447163960520e-10 -1.0027827044718928e-09 0.0000000000000000e+00 -1.8190303783151486e-10 -3.3384587097454700e-10 -3.3384587097454700e-10 -3.3384587097454700e-10 -3.3384587097454700e-10 -3.3384587097454700e-10
(Imag) 86 -1.6881276176871645e-09 -5.9234559136898250e-11 0.0000000000000000e+00 -8.1591130419927530e-10 4.7223482189942270e-10 4.7223482189942270e-10 4.7223482189942270e-10 4.7223482189942270e-10 4.7223482189942270e-10
(Real) 87 -2.2466012322601304e-09 -5.2303233635440360e-10 0.0000000000000000e+00 -8.0826966008102010e-10 3.6629030004114980e-10 3.6629030004114980e-10 3.6629030004114980e-10 3.6629030004114980e-10 3.6629030004114980e-10
(Imag) 87 -7.4156280633801660e-10 9.5492230546431350e-10 0.0000000000000000e+00 8.2826920061019710e-11 3.6189944256021760e-10 3.6189944256021760e-10 3.6189944256021760e-10 3.6189944256021760e-10 3.6189944256021760e-10
(Real) 88 -7.1351014725990860e-10 6.5537354208764870e-10 0.0000000000000000e+00 -5.5277576645436660e-11 3.0984326084744560e-10 3.0984326084744560e-10 3.0984326084744560e-10 3.0984326084744560e-10 3.0984326084744560e-10
(Imag) 88 2.5286610065631018e-09 7.7916339689283620e-10 0.0000000000000000e+00 7.3264107575039650e-10 -2.6369350349118477e-10 -2.6369350349118477e-10 -2.6369350349118477e-10 -2.6369350349118477e-10 -2.6369350349118477e-10
(Real) 89 2.4951802949649040e-09 7.2278418807125960e-10 0.0000000000000000e+00 5.8965190481521940e-10 -1.9794488479402640e-10 -1.9794488479402640e-10 -1.9794488479402640e-10 -1.9794488479402640e-10 -1.9794488479402640e-10
(Imag) 89 5.1832763631776200e-10 -2.7367368425615360e-10 0.0000000000000000e+00 2.1086055349382733e-10 -2.1399139442876610e-10 -2.1399139442876610e-10 -2.1399139442876610e-10 -2.1399139442876610e-10 -2.1399139442876610e-10
(Real) 90 1.0279634531851086e-10 2.3798235892104326e-11 0.0000000000000000e+00 3.4880288723788440e-10 -1.2110389380697510e-10 -1.2110389380697510e-10 -1.2110389380697510e-10 -1.2110389380697510e-10 -1.2110389380697510e-10
(Imag) 90 -2.2154723350996250e-09 -4.0694100560284670e-10 0.0000000000000000e+00 -4.1378209779622256e-10 1.7424266155312489e-10 1.7424266155312489e-10 1.7424266155312489e-10 1.7424266155312489e-10 1.7424266155312489e-10
(Real) 91 -1.8210098618113484e-09 3.4480452235162294e-11 0.0000000000000000e+00 -2.3696357295757060e-10 1.7946571870375937e-10 1.7946571870375937e-10 1.7946571870375937e-10 1.7946571870375937e-10 1.7946571870375937e-10
(Imag) 91 5.2541723912095010e-10 -1.5011402492710790e-10 0.0000000000000000e+00 -4.4595369066658760e-10 6.1919691651280380e-11 6.1919691651280380e-11 6.1919691651280380e-11 6.1919691651280380e-11 6.1919691651280380e-11
(Real) 92 1.2046812586224987e-09 -1.2636342683362420e-10 0.0000000000000000e+00 -5.1217992859060000e-10 4.6089464689639030e-11 4.6089464689639030e-11 4.6089464689639030e-11 4.6089464689639030e-11 4.6089464689639030e-11
(Imag) 92 1.4362476846671202e-09 -4.4247704797526740e-10 0.0000000000000000e+00 9.3799925280942840e-11 -1.8323302492687166e-10 -1.8323302492687166e-10 -1.8323302492687166e-10 -1.8323302492687166e-10 -1.8323302492687166e-10
(Real) 93 1.0935068046618037e-09 -7.0600065488349890e-10 0.0000000000000000e+00 1.4658524709830805e-11 -1.6830329380483064e-10 -1.6830329380483064e-10 -1.6830329380483064e-10 -1.6830329380483064e-10 -1.6830329380483064e-10
(Imag) 93 -1.7567447545742930e-09 6.1516765677594470e-11 0.0000000000000000e+00 5.7292206493881110e-10 -6.5084518259057620e-11 -6.5084518259057620e-11 -6.5084518259057620e-11 -6.5084518259057620e-11 -6.5084518259057620e-11
(Real) 94 -1.9840123928749826e-09 2.4968853167393440e-11 0.0000000000000000e+00 6.4045290726333820e-10 -9.1055259229972470e-11 -9.1055259229972470e-11 -9.1055259229972470e-11 -9.1055259229972470e-11 -9.1055259229972470e-11
(Imag) 94 -7.6572424834104610e-10 8.2520858765860890e-10 0.0000000000000000e+00 6.1979824962962240e-12 1.3642340333487263e-10 1.3642340333487263e-10 1.3642340333487263e-10 1.3642340333487263e-10 1.3642340333487263e-10
(Real) 95 -3.6827095740017390e-10 8.9013299828512650e-10 0.0000000000000000e+00 -2.5358202989867740e-12 8.7782202079873850e-11 8.7782202079873850e-11 8.7782202079873850e-11 8.7782202079873850e-11 8.7782202079873850e-11
(Imag) 95 1.8375784523416744e-09 -4.5054346831556420e-11 0.0000000000000000e+00 -7.2388033216348200e-10 1.1601740532946066e-10 1.1601740532946066e-10 1.1601740532946066e-10 1.1601740532946066e-10 1.1601740532946066e-10
(Real) 96 1.3784161635022336e-09 -8.1601502309777570e-11 0.0000000000000000e+00 -8.1237973788541460e-10 1.4514834775604824e-10 1.4514834775604824e-10 1.4514834775604824e-10 1.4514834775604824e-10 1.4514834775604824e-10
(Imag) 96 -1.5799951842851724e-10 -9.3128846069645060e-10 0.0000000000000000e+00 1.4693239898330064e-11 -4.8356554914963426e-11 -4.8356554914963426e-11 -4.8356554914963426e-11 -4.8356554914963426e-11 -4.8356554914963426e-11
(Real) 97 -7.8927205233435190e-10 -9.2959417905817650e-10 0.0000000000000000e+00 1.0487841885154880e-11 -9.5545253207983520e-12 -9.5545253207983520e-12 -9.5545253207983520e-12 -9.5545253207983520e-12 -9.5545253207983520e-12
(Imag) 97 -7.4285024148002790e-10 3.6225004113476010e-11 0.0000000000000000e+00 8.7207430490245440e-10 -1.7935491850531622e-10 -1.7935491850531622e-10 -1.7935491850531622e-10 -1.7935491850531622e-10 -1.7935491850531622e-10
(Real) 98 -7.8629768216913450e-11 -1.2696416417761530e-10 0.0000000000000000e+00 8.7203928548463500e-10 -2.4022095359252390e-10 -2.4022095359252390e-10 -2.4022095359252390e-10 -2.4022095359252390e-10 -2.4022095359252390e-10
(Imag) 98 1.4138563033023230e-09 8.0975780102231130e-10 0.0000000000000000e+00 1.3459751414680294e-11 -4.7377852356308390e-11 -4.7377852356308390e-11 -4.7377852356308390e-11 -4.7377852356308390e-11 -4.7377852356308390e-11
(Real) 99 1.8443477279260865e-09 4.9579451872753030e-10 0.0000000000000000e+00 4.6271645421348716e-11 -1.2256657530329618e-10 -1.2256657530329618e-10 -1.2256657530329618e-10 -1.2256657530329618e-10 -1.2256657530329618e-10
(Imag) 99 -5.2133592518166580e-10 3.2741674488834315e-10 0.0000000000000000e+00 -7.9928183804739820e-10 3.2351855402392760e-10 3.2351855402392760e-10 3.2351855402392760e-10 3.2351855402392760e-10 3.2351855402392760e-10
(Real) 100 -1.0654012314664490e-09 4.2740329964690576e-10 0.0000000000000000e+00 -6.5633134949642660e-10 3.8396208923663310e-10 3.8396208923663310e-10 3.8396208923663310e-10 3.8396208923663310e-10 3.8396208923663310e-10
(Imag) 100 -1.9695944785716850e-09 3.4362520841285430e-11 0.0000000000000000e+00 -6.7905893270620630e-11 2.2111892141101240e-10 2.2111892141101240e-10 2.2111892141101240e-10 2.2111892141101240e-10 2.2111892141101240e-10
(Real) 101 -1.7572537381804710e-09 6.4686769795008360e-10 0.0000000000000000e+00 -7.7495026692451810e-11 3.2970560814249426e-10 3.2970560814249426e-10 3.2970560814249426e-10 3.2970560814249426e-10 3.2970560814249426e-10
(Imag) 101 1.5833379087721582e-09 -2.8975059614619580e-10 0.0000000000000000e+00 4.6809258889338790e-10 -3.8741516248057110e-10 -3.8741516248057110e-10 -3.8741516248057110e-10 -3.8741516248057110e-10 -3.8741516248057110e-10
(Real) 102 2.1021402403146240e-09 1.1829775383505114e-10 0.0000000000000000e+00 2.6510745563470000e-10 -3.1820305148351590e-10 -3.1820305148351590e-10 -3.1820305148351590e-10 -3.1820305148351590e-10 -3.1820305148351590e-10
(Imag) 102 1.2741781825620838e-09 -1.1133691145206360e-09 0.0000000000000000e+00 8.6879899867492450e-11 -4.0626180620211437e-10 -4.0626180620211437e-10 -4.0626180620211437e-10 -4.0626180620211437e-10 -4.0626180620211437e-10
(Real) 103 6.8584412915999610e-10 -1.2191276437510001e-09 0.0000000000000000e+00 1.1701370404737006e-10 -4.0107834729138997e-10 -4.0107834729138997e-10 -4.0107834729138997e-10 -4.0107834729138997e-10 -4.0107834729138997e-10
(Imag) 103 -2.5961897838317684e-09 -6.3525995105979880e-10 0.0000000000000000e+00 -6.3451472724478500e-11 1.9047086513144344e-10 1.9047086513144344e-10 1.9047086513144344e-10 1.9047086513144344e-10 1.9047086513144344e-10
(Real) 104 -2.9182367373227253e-09 -1.0108935902606750e-09 0.0000000000000000e+00 1.2916563036049033e-10 3.4071609403149490e-11 3.4071609403149490e-11 3.4071609403149490e-11 3.4071609403149490e-11 3.4071609403149490e-11
(Imag) 104 -1.2764949979336470e-10 8.6423493016427610e-10 0.0000000000000000e+00 -1.9030045421218152e-10 2.8746889405112280e-10 2.8746889405112280e-10 2.8746889405112280e-10 2.8746889405112280e-10 2.8746889405112280e-10
(Real) 105 3.4489883413129296e-10 1.7299521759171680e-10 0.0000000000000000e+00 -3.1329641838404510e-10 1.1019754813292482e-10 1.1019754813292482e-10 1.1019754813292482e-10 1.1019754813292482e-10 1.1019754813292482e-10
(Imag) 105 2.9516134199298926e-09 9.8837115942568410e-10 0.0000000000000000e+00 -3.1781839272415520e-10 8.4368206175454370e-11 8.4368206175454370e-11 8.4368206175454370e-11 8.4368206175454370e-11 8.4368206175454370e-11
(Real) 106 2.6048391478746343e-09 4.5270796706666264e-10 0.0000000000000000e+00 -5.0689371493293780e-10 1.0453291158706770e-10 1.0453291158706770e-10 1.0453291158706770e-10 1.0453291158706770e-10 1.0453291158706770e-10
(Imag) 106 -7.4382486599043060e-10 5.4068643418503760e-10 0.0000000000000000e+00 4.6698887030324690e-10 9.2640706501087080e-11 9.2640706501087080e-11 9.2640706501087080e-11 9.2640706501087080e-11 9.2640706501087080e-11
(Real) 107 -1.1316649421495102e-09 9.5721596974789560e-10 0.0000000000000000e+00 6.2549369281324190e-10 2.5662153634432266e-10 2.5662153634432266e-10 2.5662153634432266e-10 2.5662153634432266e-10 2.5662153634432266e-10
(Imag) 107 -1.9073234786601280e-09 5.1832192969666320e-10 0.0000000000000000e+00 6.8919672180525920e-10 -3.5317712864260710e-11 -3.5317712864260710e-11 -3.5317712864260710e-11 -3.5317712864260710e-11 -3.5317712864260710e-11
(Real) 108 -1.0028584575013193e-09 1.5767068611102589e-09 0.0000000000000000e+00 8.3154211730151260e-10 7.6519580563731910e-11 7.6519580563731910e-11 7.6519580563731910e-11 7.6519580563731910e-11 7.6519580563731910e-11
(Imag) 108 1.5542735951123576e-09 -8.7817004939174180e-10 0.0000000000000000e+00 -7.6590544596133990e-10 -3.1037104067145310e-10 -3.1037104067145310e-10 -3.1037104067145310e-10 -3.1037104067145310e-10 -3.1037104067145310e-10
(Real) 109 1.9310449546444863e-09 -3.1372515137200050e-10 0.0000000000000000e+00 -8.6176613331539980e-10 -2.5052989794002604e-10 -2.5052989794002604e-10 -2.5052989794002604e-10 -2.5052989794002604e-10 -2.5052989794002604e-10
(Imag) 109 8.2524611214622500e-11 -2.3075931922233244e-09 0.0000000000000000e+00 -8.8945375460272890e-10 -1.6752695488924354e-10 -1.6752695488924354e-10 -1.6752695488924354e-10 -1.6752695488924354e-10 -1.6752695488924354e-10
(Real) 110 -6.9734298594776300e-10 -2.4599128628814240e-09 0.0000000000000000e+00 -8.4033460556178990e-10 -1.5746418584494416e-10 -1.5746418584494416e-10 -1.5746418584494416e-10 -1.5746418584494416e-10 -1.5746418584494416e-10
(Imag) 110 -2.1358728465440060e-09 -4.7787539614012210e-10 0.0000000000000000e+00 9.0693612380729300e-10 1.0551625379749552e-10 1.0551625379749552e-10 1.0551625379749552e-10 1.0551625379749552e-10 1.0551625379749552e-10
(Real) 111 -2.0010569657135840e-09 -1.1351882052834580e-09 0.0000000000000000e+00 9.1380884608319560e-10 -6.2312630261285880e-11 -6.2312630261285880e-11 -6.2312630261285880e-11 -6.2312630261285880e-11 -6.2312630261285880e-11
(Imag) 111 1.2695180938731234e-09 2.0083637651107913e-09 0.0000000000000000e+00 6.8662341802446920e-10 2.6591182389211467e-11 2.6591182389211467e-11 2.6591182389211467e-11 2.6591182389211467e-11 2.6591182389211467e-11
(Real) 112 1.6990473454120384e-09 1.1517616164979356e-09 0.0000000000000000e+00 4.4653246374008420e-10 -1.8916658072602112e-10 -1.8916658072602112e-10 -1.8916658072602112e-10 -1.8916658072602112e-10 -1.8916658072602112e-10
(Imag) 112 1.4735672056304913e-09 1.3569873184457317e-09 0.0000000000000000e+00 -8.8636573857086960e-10 1.8260376129708035e-10 1.8260376129708035e-10 1.8260376129708035e-10 1.8260376129708035e-10 1.8260376129708035e-10
(Real) 113 5.9335980721332820e-10 1.0823301005855530e-09 0.0000000000000000e+00 -8.0475682300860880e-10 2.2135849499727544e-10 2.2135849499727544e-10 2.2135849499727544e-10 2.2135849499727544e-10 2.2135849499727544e-10
(Imag) 113 -2.0669586231332925e-09 -2.6318279585275317e-10 0.0000000000000000e+00 -1.8160183980731722e-10 4.2594019200625130e-10 4.2594019200625130e-10 4.2594019200625130e-10 4.2594019200625130e-10 4.2594019200625130e-10
(Real) 114 -2.4145961035782124e-09 3.5901132637275115e-10 0.0000000000000000e+00 5.3471178311604950e-11 6.0684602602234370e-10 6.0684602602234370e-10 6.0684602602234370e-10 6.0684602602234370e-10 6.0684602602234370e-10
(Imag) 114 4.6289911991165115e-10 -5.0331443800442410e-10 0.0000000000000000e+00 6.5401077467382570e-10 -1.8480887600161930e-10 -1.8480887600161930e-10 -1.8480887600161930e-10 -1.8480887600161930e-10 -1.8480887600161930e-10
(Real) 115 1.4161572384347389e-09 8.5607466830461430e-11 0.0000000000000000e+00 4.1722392966184176e-10 -1.3272810019231084e-10 -1.3272810019231084e-10 -1.3272810019231084e-10 -1.3272810019231084e-10 -1.3272810019231084e-10
(Imag) 115 2.6803907771267270e-09 -5.8798805966927960e-10 0.0000000000000000e+00 -2.3396745806172834e-10 -6.7513662536448510e-10 -6.7513662536448510e-10 -6.7513662536448510e-10 -6.7513662536448510e-10 -6.7513662536448510e-10
(Real) 116 2.6952001574865770e-09 -5.0297131207762750e-10 0.0000000000000000e+00 -3.5318358938370555e-10 -6.2133597728266260e-10 -6.2133597728266260e-10 -6.2133597728266260e-10 -6.2133597728266260e-10 -6.2133597728266260e-10
(Imag) 116 -2.0915701509936074e-09 -3.9015260891169900e-10 0.0000000000000000e+00 -7.6974163091658000e-11 9.8406236616106010e-11 9.8406236616106010e-11 9.8406236616106010e-11 9.8406236616106010e-11 9.8406236616106010e-11
(Real) 117 -2.4314919850891133e-09 -2.9296765384909835e-10 0.0000000000000000e+00 3.4379472545456053e-10 1.0538922019502585e-10 1.0538922019502585e-10 1.0538922019502585e-10 1.0538922019502585e-10 1.0538922019502585e-10
(Imag) 117 -2.3071052372518520e-09 3.8420425020662846e-10 0.0000000000000000e+00 4.2491182917135364e-10 5.0042652053347020e-10 5.0042652053347020e-10 5.0042652053347020e-10 5.0042652053347020e-10 5.0042652053347020e-10
(Real) 118 -1.4527253822693910e-09 4.6265452195473193e-10 0.0000000000000000e+00 4.6564967064538960e-10 3.6244170812036940e-10 3.6244170812036940e-10 3.6244170812036940e-10 3.6244170812036940e-10 3.6244170812036940e-10
(Imag) 118 2.5144659180889800e-09 -1.0230784799257916e-10 0.0000000000000000e+00 -7.8773269369281260e-10 -1.6708796690583806e-10 -1.6708796690583806e-10 -1.6708796690583806e-10 -1.6708796690583806e-10 -1.6708796690583806e-10
(Real) 119 2.5005692216851526e-09 -5.6142437998987690e-10 0.0000000000000000e+00 -1.1818115478125219e-09 -2.2413765006266474e-10 -2.2413765006266474e-10 -2.2413765006266474e-10 -2.2413765006266474e-10 -2.2413765006266474e-10
(Imag) 119 2.1496023609238794e-10 -7.8521686607491110e-10 0.0000000000000000e+00 -4.8376299261470090e-10 -2.3567769240688840e-10 -2.3567769240688840e-10 -2.3567769240688840e-10 -2.3567769240688840e-10 -2.3567769240688840e-10
(Real) 120 -1.1203968259176940e-09 -1.2403241335824640e-09 0.0000000000000000e+00 -4.6401105044265770e-10 -1.5794749697945040e-10 -1.5794749697945040e-10 -1.5794749697945040e-10 -1.5794749697945040e-10 -1.5794749697945040e-10
(Imag) 120 -2.5006492973239270e-09 8.3150526731669030e-10 0.0000000000000000e+00 1.4733637253774199e-09 2.3262533381324905e-10 2.3262533381324905e-10 2.3262533381324905e-10 2.3262533381324905e-10 2.3262533381324905e-10
(Real) 121 -2.5042489959828170e-09 7.9718577175495360e-10 0.0000000000000000e+00 1.6243273565818535e-09 1.8377646135895064e-10 1.8377646135895064e-10 1.8377646135895064e-10 1.8377646135895064e-10 1.8377646135895064e-10
(Imag) 121 2.2838626259400990e-09 1.6216773770401670e-09 0.0000000000000000e+00 3.6853201744652080e-10 1.0399151143269367e-10 1.0399151143269367e-10 1.0399151143269367e-10 1.0399151143269367e-10 1.0399151143269367e-10
(Real) 122 2.9597497607103244e-09 1.7510860049167967e-09 0.0000000000000000e+00 1.7929310324660560e-10 2.9528681544560560e-11 2.9528681544560560e-11 2.9528681544560560e-11 2.9528681544560560e-11 2.9528681544560560e-11
(Imag) 122 2.4098513657214010e-09 -5.5197461161209900e-10 0.0000000000000000e+00 -1.6304526386614660e-09 -7.6691365535183350e-11 -7.6691365535183350e-11 -7.6691365535183350e-11 -7.6691365535183350e-11 -7.6691365535183350e-11
(Real) 123 2.0116350371861273e-09 -2.6766836461587780e-10 0.0000000000000000e+00 -1.5217123624387715e-09 6.8403663973674680e-11 6.8403663973674680e-11 6.8403663973674680e-11 6.8403663973674680e-11 6.8403663973674680e-11
(Imag) 123 -3.0828135894798044e-09 -1.5537625961276737e-09 0.0000000000000000e+00 9.8943977647687340e-11 6.9924309704974640e-11 6.9924309704974640e-11 6.9924309704974640e-11 6.9924309704974640e-11 6.9924309704974640e-11
(Real) 124 -2.7483782154663102e-09 -1.1481060211902241e-09 0.0000000000000000e+00 4.2718567184986577e-10 1.8222658316790127e-10 1.8222658316790127e-10 1.8222658316790127e-10 1.8222658316790127e-10 1.8222658316790127e-10
(Imag) 124 -1.2326157791806120e-09 8.8907378031941300e-11 0.0000000000000000e+00 1.3303470507585213e-09 -2.1206672607930347e-10 -2.1206672607930347e-10 -2.1206672607930347e-10 -2.1206672607930347e-10 -2.1206672607930347e-10
(Real) 125 -1.0523037230205954e-10 1.6218965933534404e-11 0.0000000000000000e+00 1.0808183757078601e-09 -3.4217937548020395e-10 -3.4217937548020395e-10 -3.4217937548020395e-10 -3.4217937548020395e-10 -3.4217937548020395e-10
(Imag) 125 2.1354839188607633e-09 7.3333954310708360e-10 0.0000000000000000e+00 -7.3184767882979600e-10 -2.8391931366844200e-10 -2.8391931366844200e-10 -2.8391931366844200e-10 -2.8391931366844200e-10 -2.8391931366844200e-10
(Real) 126 1.4581018225536377e-09 4.3473705182743380e-10 0.0000000000000000e+00 -9.5018205912184870e-10 -3.4837357459542773e-10 -3.4837357459542773e-10 -3.4837357459542773e-10 -3.4837357459542773e-10 -3.4837357459542773e-10
(Imag) 126 -1.1681315514303732e-09 4.5086093715730890e-11 0.0000000000000000e+00 -7.7870134030898520e-10 4.7106921729400220e-10 4.7106921729400220e-10 4.7106921729400220e-10 4.7106921729400220e-10 4.7106921729400220e-10
(Real) 127 -2.2866471234268690e-09 2.2528450415430776e-10 0.0000000000000000e+00 -4.1004306269156250e-10 6.0964045199278980e-10 6.0964045199278980e-10 6.0964045199278980e-10 6.0964045199278980e-10 6.0964045199278980e-10
(Imag) 127 -8.3604486196856740e-10 -2.6070361793468204e-10 0.0000000000000000e+00 1.0350200707085070e-09 3.6035238132720990e-10 3.6035238132720990e-10 3.6035238132720990e-10 3.6035238132720990e-10 3.6035238132720990e-10
(Real) 128 -2.0371282380475737e-10 -5.2442946077963314e-11 0.0000000000000000e+00 9.6148832358526580e-10 3.6104951793924500e-10 3.6104951793924500e-10 3.6104951793924500e-10 3.6104951793924500e-10 3.6104951793924500e-10
(Imag) 128 3.0328142342801160e-09 -6.1517766135125230e-10 0.0000000000000000e+00 -2.4624272291141034e-11 -7.4189526296299570e-10 -7.4189526296299570e-10 -7.4189526296299570e-10 -7.4189526296299570e-10 -7.4189526296299570e-10
