Epicentral distance = 41.01320732250742
#Observer: XY1 null 10.0 40.0 Source: G30A_TA 0.0 0.0 0.0
#perturbation radius= 5700.0
(Real) 0 0.0000000000000000e+00 0.0000000000000000e+00 0.0000000000000000e+00 0.0000000000000000e+00 0.0000000000000000e+00 0.0000000000000000e+00 0.0000000000000000e+00 0.0000000000000000e+00 0.0000000000000000e+00
(Imag) 0 0.0000000000000000e+00 0.0000000000000000e+00 0.0000000000000000e+00 0.0000000000000000e+00 0.0000000000000000e+00 0.0000000000000000e+00 0.0000000000000000e+00 0.0000000000000000e+00 0.0000000000000000e+00
(Real) 1 -1.0183751846831989e-11 4.7448976827165914e-12 0.0000000000000000e+00 -4.2071217787735010e-12 3.4283500551157720e-12 3.4283500551157720e-12 3.4283500551157720e-12 3.4283500551157720e-12 3.4283500551157720e-12
(Imag) 1 4.5322985589115275e-11 -3.2682507159280980e-12 0.0000000000000000e+00 1.4779048841310632e-12 -3.1909622870356957e-12 -3.1909622870356957e-12 -3.1909622870356957e-12 -3.1909622870356957e-12 -3.1909622870356957e-12
(Real) 2 4.7434899304960340e-11 1.1268952656636034e-11 0.0000000000000000e+00 -2.6037430403134110e-12 2.2264254709895394e-14 2.2264254709895394e-14 2.2264254709895394e-14 2.2264254709895394e-14 2.2264254709895394e-14
(Imag) 2 2.5376543933704875e-11 3.4148640005074530e-12 0.0000000000000000e+00 6.7103383888371040e-12 -8.5370982211673990e-12 -8.5370982211673990e-12 -8.5370982211673990e-12 -8.5370982211673990e-12 -8.5370982211673990e-12
(Real) 3 5.3431597828072973e-11 2.5145368405235708e-11 0.0000000000000000e+00 6.3704652028069810e-12 -9.5625466500414400e-12 -9.5625466500414400e-12 -9.5625466500414400e-12 -9.5625466500414400e-12 -9.5625466500414400e-12
(Imag) 3 -3.5505265598773800e-11 -1.9109420022884017e-11 0.0000000000000000e+00 5.8203477071639410e-12 -9.9081765287248100e-12 -9.9081765287248100e-12 -9.9081765287248100e-12 -9.9081765287248100e-12 -9.9081765287248100e-12
(Real) 4 2.1766989492624820e-12 -7.3306159620784900e-12 0.0000000000000000e+00 8.1731123371706400e-12 -2.2374173470054370e-11 -2.2374173470054370e-11 -2.2374173470054370e-11 -2.2374173470054370e-11 -2.2374173470054370e-11
(Imag) 4 -9.1861520311598090e-11 -4.8066153332941850e-11 0.0000000000000000e+00 -3.7571671368490680e-12 -1.1650618267529798e-12 -1.1650618267529798e-12 -1.1650618267529798e-12 -1.1650618267529798e-12 -1.1650618267529798e-12
(Real) 5 -1.4911803105512700e-10 -5.5175958639506070e-11 0.0000000000000000e+00 2.2411704865750123e-12 -2.4510297848472434e-11 -2.4510297848472434e-11 -2.4510297848472434e-11 -2.4510297848472434e-11 -2.4510297848472434e-11
(Imag) 5 -6.4341427258081500e-11 -2.1128049147919152e-11 0.0000000000000000e+00 -1.5666011334956170e-11 2.6189432696692775e-11 2.6189432696692775e-11 2.6189432696692775e-11 2.6189432696692775e-11 2.6189432696692775e-11
(Real) 6 -1.0726845548506661e-10 -5.0309774376380170e-11 0.0000000000000000e+00 -3.3518394628223470e-11 1.3812457501238594e-11 1.3812457501238594e-11 1.3812457501238594e-11 1.3812457501238594e-11 1.3812457501238594e-11
(Imag) 6 2.3131191165087195e-10 3.4325913249421914e-11 0.0000000000000000e+00 -7.4223834958559070e-12 4.9461558075724090e-11 4.9461558075724090e-11 4.9461558075724090e-11 4.9461558075724090e-11 4.9461558075724090e-11
(Real) 7 3.1914822177414205e-10 -1.4442467663908582e-11 0.0000000000000000e+00 -6.4870128362215820e-12 6.3256862113333460e-11 6.3256862113333460e-11 6.3256862113333460e-11 6.3256862113333460e-11 6.3256862113333460e-11
(Imag) 7 9.0996701454467110e-11 5.4346312882023924e-11 0.0000000000000000e+00 5.3826060819093640e-11 1.0257726781225583e-11 1.0257726781225583e-11 1.0257726781225583e-11 1.0257726781225583e-11 1.0257726781225583e-11
(Real) 8 -1.0226150775026719e-11 2.6644390980761737e-11 0.0000000000000000e+00 6.4255641517812640e-11 3.0833174276092910e-11 3.0833174276092910e-11 3.0833174276092910e-11 3.0833174276092910e-11 3.0833174276092910e-11
(Imag) 8 -3.8512667458178080e-10 8.6581362270921730e-11 0.0000000000000000e+00 -6.8154012101908330e-12 -6.3332524966145900e-11 -6.3332524966145900e-11 -6.3332524966145900e-11 -6.3332524966145900e-11 -6.3332524966145900e-11
(Real) 9 -3.8218147017099576e-10 1.7311616386078315e-10 0.0000000000000000e+00 -3.6360835199613540e-11 -5.5322506449712645e-11 -5.5322506449712645e-11 -5.5322506449712645e-11 -5.5322506449712645e-11 -5.5322506449712645e-11
(Imag) 9 1.8543535768497013e-10 9.2082178292165170e-12 0.0000000000000000e+00 -5.3038916269411155e-11 -3.6871245655047144e-11 -3.6871245655047144e-11 -3.6871245655047144e-11 -3.6871245655047144e-11 -3.6871245655047144e-11
(Real) 10 3.4621421869990140e-10 -2.6376018043977823e-12 0.0000000000000000e+00 -1.3671460997698812e-11 -3.2589626642007790e-11 -3.2589626642007790e-11 -3.2589626642007790e-11 -3.2589626642007790e-11 -3.2589626642007790e-11
(Imag) 10 2.4468181916762080e-10 -2.4889351702563220e-10 0.0000000000000000e+00 7.4922022477635030e-11 4.3708997826406920e-11 4.3708997826406920e-11 4.3708997826406920e-11 4.3708997826406920e-11 4.3708997826406920e-11
(Real) 11 -1.0762167506563900e-11 -2.7392423626926074e-10 0.0000000000000000e+00 9.8823451578144220e-11 2.8877774920014030e-11 2.8877774920014030e-11 2.8877774920014030e-11 2.8877774920014030e-11 2.8877774920014030e-11
(Imag) 11 -3.4379563103999083e-10 8.6013803917319340e-11 0.0000000000000000e+00 -4.2432262574320200e-11 3.2662298112980285e-11 3.2662298112980285e-11 3.2662298112980285e-11 3.2662298112980285e-11 3.2662298112980285e-11
(Real) 12 -9.3566718754047700e-11 1.9648799733434667e-10 0.0000000000000000e+00 -8.4613997386531230e-11 5.1205030687808090e-11 5.1205030687808090e-11 5.1205030687808090e-11 5.1205030687808090e-11 5.1205030687808090e-11
(Imag) 12 2.4648629866365545e-10 2.1692178528211574e-10 0.0000000000000000e+00 -8.9303786386252000e-11 -8.6527376363962560e-12 -8.6527376363962560e-12 -8.6527376363962560e-12 -8.6527376363962560e-12 -8.6527376363962560e-12
(Real) 13 3.0429028644372477e-10 1.1567697173976720e-10 0.0000000000000000e+00 -5.5959102480904240e-11 6.1931226947369570e-12 6.1931226947369570e-12 6.1931226947369570e-12 6.1931226947369570e-12 6.1931226947369570e-12
(Imag) 13 -2.9616276315200045e-10 -2.2924822378885958e-10 0.0000000000000000e+00 8.3619987206138410e-11 -8.2856727371520730e-11 -8.2856727371520730e-11 -8.2856727371520730e-11 -8.2856727371520730e-11 -8.2856727371520730e-11
(Real) 14 -6.0097635682600590e-10 -1.2522109722260618e-10 0.0000000000000000e+00 3.7988169021207810e-11 -1.0377732474123078e-10 -1.0377732474123078e-10 -1.0377732474123078e-10 -1.0377732474123078e-10 -1.0377732474123078e-10
(Imag) 14 -1.6357291255572941e-10 -5.9522910778860590e-11 0.0000000000000000e+00 2.9935605390047420e-11 -9.3795804418827370e-12 -9.3795804418827370e-12 -9.3795804418827370e-12 -9.3795804418827370e-12 -9.3795804418827370e-12
(Real) 15 3.6397665008365996e-11 -1.0082592043680885e-10 0.0000000000000000e+00 3.6386642870427900e-11 -8.8638420234560350e-12 -8.8638420234560350e-12 -8.8638420234560350e-12 -8.8638420234560350e-12 -8.8638420234560350e-12
(Imag) 15 6.6689976910533270e-10 -7.1424407598088340e-11 0.0000000000000000e+00 2.5664837284926665e-11 9.6963421723536950e-11 9.6963421723536950e-11 9.6963421723536950e-11 9.6963421723536950e-11 9.6963421723536950e-11
(Real) 16 5.2378403128338150e-10 -2.5369068037208363e-10 0.0000000000000000e+00 7.1194179031241320e-11 6.7482480205757540e-11 6.7482480205757540e-11 6.7482480205757540e-11 6.7482480205757540e-11 6.7482480205757540e-11
(Imag) 16 -1.3101843979352683e-10 1.9700930086642075e-10 0.0000000000000000e+00 -7.4415045266399220e-11 1.3650548422429082e-11 1.3650548422429082e-11 1.3650548422429082e-11 1.3650548422429082e-11 1.3650548422429082e-11
(Real) 17 -5.9060931912375020e-11 2.5091999302231950e-10 0.0000000000000000e+00 -1.1820296308699327e-10 2.7558911959683860e-11 2.7558911959683860e-11 2.7558911959683860e-11 2.7558911959683860e-11 2.7558911959683860e-11
(Imag) 17 -3.3380141804405647e-10 3.3354907295694414e-10 0.0000000000000000e+00 -8.2060791923426200e-11 -2.8941122414813555e-11 -2.8941122414813555e-11 -2.8941122414813555e-11 -2.8941122414813555e-11 -2.8941122414813555e-11
(Real) 18 -2.5224728207691927e-10 2.9710760503155610e-10 0.0000000000000000e+00 -6.9372779313644440e-11 -2.6491699447825375e-13 -2.6491699447825375e-13 -2.6491699447825375e-13 -2.6491699447825375e-13 -2.6491699447825375e-13
(Imag) 18 -1.1854570668675600e-10 -1.8869941546736910e-10 0.0000000000000000e+00 1.4328277037969470e-10 -4.5366336457609430e-11 -4.5366336457609430e-11 -4.5366336457609430e-11 -4.5366336457609430e-11 -4.5366336457609430e-11
(Real) 19 -2.9122427961491557e-10 -2.5113182969533755e-11 0.0000000000000000e+00 1.4092492599885844e-10 -5.8305774594084650e-11 -5.8305774594084650e-11 -5.8305774594084650e-11 -5.8305774594084650e-11 -5.8305774594084650e-11
(Imag) 19 3.3216136545483906e-10 -1.7562590913109784e-10 0.0000000000000000e+00 5.5472604446963900e-11 -8.4882821714973610e-12 -8.4882821714973610e-12 -8.4882821714973610e-12 -8.4882821714973610e-12 -8.4882821714973610e-12
(Real) 20 5.1113431184013540e-10 -3.6738096622558440e-11 0.0000000000000000e+00 5.8543230697067420e-11 1.9222545390517240e-12 1.9222545390517240e-12 1.9222545390517240e-12 1.9222545390517240e-12 1.9222545390517240e-12
(Imag) 20 3.8364679291249700e-10 -1.5045196229457183e-10 0.0000000000000000e+00 -1.1691442075698072e-10 6.1706683366169230e-11 6.1706683366169230e-11 6.1706683366169230e-11 6.1706683366169230e-11 6.1706683366169230e-11
(Real) 21 3.8968417213010520e-10 -2.4793959624486000e-10 0.0000000000000000e+00 -8.5823918189300170e-11 6.2887780772108490e-11 6.2887780772108490e-11 6.2887780772108490e-11 6.2887780772108490e-11 6.2887780772108490e-11
(Imag) 21 -6.7771870639286320e-10 -7.0394769666937220e-11 0.0000000000000000e+00 -8.0201184142579830e-11 -1.7707548153865400e-11 -1.7707548153865400e-11 -1.7707548153865400e-11 -1.7707548153865400e-11 -1.7707548153865400e-11
(Real) 22 -7.4622407627756300e-10 -1.1085284049215640e-10 0.0000000000000000e+00 -1.0766337730790389e-10 -2.2764032236922905e-11 -2.2764032236922905e-11 -2.2764032236922905e-11 -2.2764032236922905e-11 -2.2764032236922905e-11
(Imag) 22 -3.4200608096249945e-10 2.2732638568680236e-10 0.0000000000000000e+00 5.7133973545917440e-11 -7.3064551288660920e-11 -7.3064551288660920e-11 -7.3064551288660920e-11 -7.3064551288660920e-11 -7.3064551288660920e-11
(Real) 23 -2.7886688503654806e-10 1.2495572986520487e-10 0.0000000000000000e+00 3.5745625910793430e-11 -9.3119424766726200e-11 -9.3119424766726200e-11 -9.3119424766726200e-11 -9.3119424766726200e-11 -9.3119424766726200e-11
(Imag) 23 6.9003496483931210e-10 7.1190934429648030e-11 0.0000000000000000e+00 1.2732492579742075e-10 8.8445565245709600e-12 8.8445565245709600e-12 8.8445565245709600e-12 8.8445565245709600e-12 8.8445565245709600e-12
(Real) 24 5.4237864971757990e-10 -3.1949821013969680e-11 0.0000000000000000e+00 1.3296641334518670e-10 -2.5331008438261587e-11 -2.5331008438261587e-11 -2.5331008438261587e-11 -2.5331008438261587e-11 -2.5331008438261587e-11
(Imag) 24 2.0732411308706909e-10 -1.8818882277245855e-11 0.0000000000000000e+00 -2.1698043002164575e-11 1.1306895749594851e-10 1.1306895749594851e-10 1.1306895749594851e-10 1.1306895749594851e-10 1.1306895749594851e-10
(Real) 25 1.1898711756115530e-10 2.1257168453291263e-11 0.0000000000000000e+00 -1.0677151416107064e-11 1.2334736812596220e-10 1.2334736812596220e-10 1.2334736812596220e-10 1.2334736812596220e-10 1.2334736812596220e-10
(Imag) 25 -3.7071816507973037e-10 1.5105115165575856e-10 0.0000000000000000e+00 -1.2728798741738093e-10 7.0081130413724920e-11 7.0081130413724920e-11 7.0081130413724920e-11 7.0081130413724920e-11 7.0081130413724920e-11
(Real) 26 -2.2945917439555380e-10 2.4396928476065000e-10 0.0000000000000000e+00 -1.2183084134744429e-10 1.0399673201808233e-10 1.0399673201808233e-10 1.0399673201808233e-10 1.0399673201808233e-10 1.0399673201808233e-10
(Imag) 26 -9.6486645890164150e-12 4.0034631341126804e-11 0.0000000000000000e+00 -3.7021643896046580e-12 -1.1743902984044664e-10 -1.1743902984044664e-10 -1.1743902984044664e-10 -1.1743902984044664e-10 -1.1743902984044664e-10
(Real) 27 1.0129677810712830e-10 1.5904084918670515e-10 0.0000000000000000e+00 -2.5612039102215255e-11 -9.0171501164480140e-11 -9.0171501164480140e-11 -9.0171501164480140e-11 -9.0171501164480140e-11 -9.0171501164480140e-11
(Imag) 27 1.2347170548465910e-10 -2.8479042084274827e-10 0.0000000000000000e+00 1.2435803694004070e-10 -1.2409725528756961e-10 -1.2409725528756961e-10 -1.2409725528756961e-10 -1.2409725528756961e-10 -1.2409725528756961e-10
(Real) 28 3.2069808209613260e-11 -2.6953653859638216e-10 0.0000000000000000e+00 1.3535865231692408e-10 -1.3207281228358180e-10 -1.3207281228358180e-10 -1.3207281228358180e-10 -1.3207281228358180e-10 -1.3207281228358180e-10
(Imag) 28 -1.8938167370567243e-10 -2.6527685489079240e-10 0.0000000000000000e+00 5.8456098358719620e-11 5.5099564990469655e-11 5.5099564990469655e-11 5.5099564990469655e-11 5.5099564990469655e-11 5.5099564990469655e-11
(Real) 29 -2.0966157031698734e-10 -3.0315061700639113e-10 0.0000000000000000e+00 9.6734008505247660e-11 2.0990746365620580e-11 2.0990746365620580e-11 2.0990746365620580e-11 2.0990746365620580e-11 2.0990746365620580e-11
(Imag) 29 9.7485378804475030e-11 2.1378481858181143e-10 0.0000000000000000e+00 -1.4675088321685647e-10 1.3047534242599392e-10 1.3047534242599392e-10 1.3047534242599392e-10 1.3047534242599392e-10 1.3047534242599392e-10
(Real) 30 3.0961776516551086e-10 1.6464205309400967e-10 0.0000000000000000e+00 -1.4647258048561285e-10 1.2846636225373285e-10 1.2846636225373285e-10 1.2846636225373285e-10 1.2846636225373285e-10 1.2846636225373285e-10
(Imag) 30 1.6684266578242802e-10 2.5913980658320183e-10 0.0000000000000000e+00 -1.3887329692987250e-10 8.7914238367836380e-12 8.7914238367836380e-12 8.7914238367836380e-12 8.7914238367836380e-12 8.7914238367836380e-12
(Real) 31 7.4411145358395660e-11 1.7132708185582230e-10 0.0000000000000000e+00 -1.7747508975691223e-10 3.2097487104997384e-11 3.2097487104997384e-11 3.2097487104997384e-11 3.2097487104997384e-11 3.2097487104997384e-11
(Imag) 31 -6.0650479440357440e-10 -1.3904415207843400e-10 0.0000000000000000e+00 1.3027855553774090e-10 -1.3074945297591193e-10 -1.3074945297591193e-10 -1.3074945297591193e-10 -1.3074945297591193e-10 -1.3074945297591193e-10
(Real) 32 -9.4642566853570800e-10 -1.3746170740514825e-10 0.0000000000000000e+00 9.8695505757501980e-11 -1.3925271772637598e-10 -1.3925271772637598e-10 -1.3925271772637598e-10 -1.3925271772637598e-10 -1.3925271772637598e-10
(Imag) 32 1.7787126983367488e-11 -9.3330780547105520e-11 0.0000000000000000e+00 2.0251008555733330e-10 -5.4273495352265435e-11 -5.4273495352265435e-11 -5.4273495352265435e-11 -5.4273495352265435e-11 -5.4273495352265435e-11
(Real) 33 7.7784811637685420e-11 -7.4790736575292760e-11 0.0000000000000000e+00 2.1127630466474124e-10 -7.9065208824018140e-11 -7.9065208824018140e-11 -7.9065208824018140e-11 -7.9065208824018140e-11 -7.9065208824018140e-11
(Imag) 33 1.2501860754209156e-09 1.2607445635270635e-10 0.0000000000000000e+00 -5.6143672152241680e-11 1.4491639285595695e-10 1.4491639285595695e-10 1.4491639285595695e-10 1.4491639285595695e-10 1.4491639285595695e-10
(Real) 34 1.4455366464642722e-09 5.4673147055139147e-11 0.0000000000000000e+00 -1.6633772197769680e-11 1.4073703790415544e-10 1.4073703790415544e-10 1.4073703790415544e-10 1.4073703790415544e-10 1.4073703790415544e-10
(Imag) 34 -9.6004050791822480e-11 1.1046251084477654e-10 0.0000000000000000e+00 -2.0685788769442743e-10 1.1481415608965800e-10 1.1481415608965800e-10 1.1481415608965800e-10 1.1481415608965800e-10 1.1481415608965800e-10
(Real) 35 -9.8210189431736140e-11 1.7194132884871400e-10 0.0000000000000000e+00 -1.9591938102096989e-10 1.5313434088810930e-10 1.5313434088810930e-10 1.5313434088810930e-10 1.5313434088810930e-10 1.5313434088810930e-10
(Imag) 35 -1.4843426727197452e-09 9.7278205152905350e-11 0.0000000000000000e+00 -1.1289427649636729e-11 -1.2280806602962979e-10 -1.2280806602962979e-10 -1.2280806602962979e-10 -1.2280806602962979e-10 -1.2280806602962979e-10
(Real) 36 -1.3724300999848533e-09 2.9292027796139110e-10 0.0000000000000000e+00 -2.4706361385244740e-11 -8.8801418036690640e-11 -8.8801418036690640e-11 -8.8801418036690640e-11 -8.8801418036690640e-11 -8.8801418036690640e-11
(Imag) 36 1.1792241700840768e-10 -2.0034485071534550e-10 0.0000000000000000e+00 1.9012935696715742e-10 -1.8193634197048388e-10 -1.8193634197048388e-10 -1.8193634197048388e-10 -1.8193634197048388e-10 -1.8193634197048388e-10
(Real) 37 1.8563364309563562e-10 -1.5926728639292096e-10 0.0000000000000000e+00 1.9445334082244862e-10 -1.9979331189395182e-10 -1.9979331189395182e-10 -1.9979331189395182e-10 -1.9979331189395182e-10 -1.9979331189395182e-10
(Imag) 37 1.1597786039943945e-09 -4.7814257537330110e-10 0.0000000000000000e+00 3.0155132401540180e-11 4.9533226832101730e-11 4.9533226832101730e-11 4.9533226832101730e-11 4.9533226832101730e-11 4.9533226832101730e-11
(Real) 38 9.1922530712977210e-10 -5.9985514053199660e-10 0.0000000000000000e+00 3.7528245388218640e-11 2.0066652364548546e-11 2.0066652364548546e-11 2.0066652364548546e-11 2.0066652364548546e-11 2.0066652364548546e-11
(Imag) 38 -2.9481999393044950e-10 5.7853904729840280e-11 0.0000000000000000e+00 -2.0907654428701985e-10 2.0358567821871350e-10 2.0358567821871350e-10 2.0358567821871350e-10 2.0358567821871350e-10 2.0358567821871350e-10
(Real) 39 -4.0932226338703017e-10 -4.7129385803051047e-11 0.0000000000000000e+00 -2.2644191324465462e-10 1.9796866815990160e-10 1.9796866815990160e-10 1.9796866815990160e-10 1.9796866815990160e-10 1.9796866815990160e-10
(Imag) 39 -7.0172648736708440e-10 6.2056285277985990e-10 0.0000000000000000e+00 -5.4625181847076990e-11 2.0538263932386380e-12 2.0538263932386380e-12 2.0538263932386380e-12 2.0538263932386380e-12 2.0538263932386380e-12
(Real) 40 -5.2533205735691540e-10 5.5961963348862340e-10 0.0000000000000000e+00 -8.1091852734191100e-11 2.1402657952224740e-11 2.1402657952224740e-11 2.1402657952224740e-11 2.1402657952224740e-11 2.1402657952224740e-11
(Imag) 40 4.8582085905830110e-10 1.0741803073430328e-10 0.0000000000000000e+00 2.3520617565894380e-10 -1.9893625767327502e-10 -1.9893625767327502e-10 -1.9893625767327502e-10 -1.9893625767327502e-10 -1.9893625767327502e-10
(Real) 41 4.8889868701099070e-10 1.0922803650245198e-10 0.0000000000000000e+00 2.2813081620546137e-10 -2.0405793243520880e-10 -2.0405793243520880e-10 -2.0405793243520880e-10 -2.0405793243520880e-10 -2.0405793243520880e-10
(Imag) 41 3.6351792238668350e-10 -4.8586775579583010e-10 0.0000000000000000e+00 1.1543119369177795e-10 -4.2212004376879387e-11 -4.2212004376879387e-11 -4.2212004376879387e-11 -4.2212004376879387e-11 -4.2212004376879387e-11
(Real) 42 1.8212418379967924e-10 -4.5777350864902970e-10 0.0000000000000000e+00 1.5084346936439674e-10 -7.7752097983943250e-11 -7.7752097983943250e-11 -7.7752097983943250e-11 -7.7752097983943250e-11 -7.7752097983943250e-11
(Imag) 42 -4.1684180306955780e-10 -7.4073747214989730e-11 0.0000000000000000e+00 -2.0374059996811092e-10 2.0735933324398624e-10 2.0735933324398624e-10 2.0735933324398624e-10 2.0735933324398624e-10 2.0735933324398624e-10
(Real) 43 -2.9520497445113260e-10 -6.7903155884581010e-11 0.0000000000000000e+00 -1.6778010546385830e-10 1.9906794641485828e-10 1.9906794641485828e-10 1.9906794641485828e-10 1.9906794641485828e-10 1.9906794641485828e-10
(Imag) 43 4.6449155569178730e-11 4.9537636180362600e-10 0.0000000000000000e+00 -1.8445938139752405e-10 1.2531561273618453e-10 1.2531561273618453e-10 1.2531561273618453e-10 1.2531561273618453e-10 1.2531561273618453e-10
(Real) 44 3.0721566574541880e-10 5.6316782231777730e-10 0.0000000000000000e+00 -2.1408857613468717e-10 1.7577867001302774e-10 1.7577867001302774e-10 1.7577867001302774e-10 1.7577867001302774e-10 1.7577867001302774e-10
(Imag) 44 1.4976211609962854e-10 1.4559833521144318e-10 0.0000000000000000e+00 1.2669388871201295e-10 -1.7138801880208855e-10 -1.7138801880208855e-10 -1.7138801880208855e-10 -1.7138801880208855e-10 -1.7138801880208855e-10
(Real) 45 4.0715229088221640e-12 3.1032845143278520e-10 0.0000000000000000e+00 8.3015375536135400e-11 -1.2110534968765390e-10 -1.2110534968765390e-10 -1.2110534968765390e-10 -1.2110534968765390e-10 -1.2110534968765390e-10
(Imag) 45 -5.7044744095387250e-10 -5.7978021702297310e-10 0.0000000000000000e+00 2.4689929850086910e-10 -2.0518137867948626e-10 -2.0518137867948626e-10 -2.0518137867948626e-10 -2.0518137867948626e-10 -2.0518137867948626e-10
(Real) 46 -7.8143473823379450e-10 -4.6905631079481600e-10 0.0000000000000000e+00 2.8951426161208250e-10 -2.0367370060013170e-10 -2.0367370060013170e-10 -2.0367370060013170e-10 -2.0367370060013170e-10 -2.0367370060013170e-10
(Imag) 46 1.6004807917097706e-10 -5.0826415211616950e-10 0.0000000000000000e+00 -3.8713444732667065e-11 5.0434080552321170e-11 5.0434080552321170e-11 5.0434080552321170e-11 5.0434080552321170e-11 5.0434080552321170e-11
(Real) 47 3.5840877517708350e-10 -6.4749636668906570e-10 0.0000000000000000e+00 9.6464510295146330e-12 -1.2733231035898290e-11 -1.2733231035898290e-11 -1.2733231035898290e-11 -1.2733231035898290e-11 -1.2733231035898290e-11
(Imag) 47 9.1728236893562700e-10 2.2465059472681690e-10 0.0000000000000000e+00 -3.3781597017516620e-10 1.7934741971335363e-10 1.7934741971335363e-10 1.7934741971335363e-10 1.7934741971335363e-10 1.7934741971335363e-10
(Real) 48 9.8155599086934240e-10 -8.7678512457797840e-11 0.0000000000000000e+00 -3.8275798710575865e-10 1.3426505662925152e-10 1.3426505662925152e-10 1.3426505662925152e-10 1.3426505662925152e-10 1.3426505662925152e-10
(Imag) 48 -6.2433745190465590e-10 6.3583505395605040e-10 0.0000000000000000e+00 -7.0930173205338280e-11 4.4510286830334040e-11 4.4510286830334040e-11 4.4510286830334040e-11 4.4510286830334040e-11 4.4510286830334040e-11
(Real) 49 -9.3960574277604320e-10 4.4958924713627597e-10 0.0000000000000000e+00 -1.4674362340015848e-10 4.3827566998049090e-11 4.3827566998049090e-11 4.3827566998049090e-11 4.3827566998049090e-11 4.3827566998049090e-11
(Imag) 49 -1.0226599440599931e-09 3.6585884968764115e-10 0.0000000000000000e+00 4.1575050893902700e-10 -9.9268698515341030e-11 -9.9268698515341030e-11 -9.9268698515341030e-11 -9.9268698515341030e-11 -9.9268698515341030e-11
(Real) 50 -1.0772953359132568e-09 5.0107056537991690e-10 0.0000000000000000e+00 4.2542080415655790e-10 -1.0231750962669756e-10 -1.0231750962669756e-10 -1.0231750962669756e-10 -1.0231750962669756e-10 -1.0231750962669756e-10
(Imag) 50 1.2551960157676241e-09 -1.7477220328558715e-10 0.0000000000000000e+00 2.2707052757044647e-10 -1.6246788266666928e-11 -1.6246788266666928e-11 -1.6246788266666928e-11 -1.6246788266666928e-11 -1.6246788266666928e-11
(Real) 51 1.4922789263494288e-09 6.6695277970280840e-11 0.0000000000000000e+00 2.9892267610875063e-10 1.2743924893276553e-11 1.2743924893276553e-11 1.2743924893276553e-11 1.2743924893276553e-11 1.2743924893276553e-11
(Imag) 51 1.1415909932454531e-09 -4.3501381772000490e-10 0.0000000000000000e+00 -4.0739948119540080e-10 1.4878954398580535e-10 1.4878954398580535e-10 1.4878954398580535e-10 1.4878954398580535e-10 1.4878954398580535e-10
(Real) 52 1.1904583147399866e-09 -2.2795749898958238e-10 0.0000000000000000e+00 -3.7097811362349170e-10 2.2735288855367120e-10 2.2735288855367120e-10 2.2735288855367120e-10 2.2735288855367120e-10 2.2735288855367120e-10
(Imag) 52 -1.5996151457800258e-09 -1.5614363320330762e-10 0.0000000000000000e+00 -3.5356017746148547e-10 -1.2682614493321486e-11 -1.2682614493321486e-11 -1.2682614493321486e-11 -1.2682614493321486e-11 -1.2682614493321486e-11
(Real) 53 -1.5601188862458908e-09 -3.3661135894903820e-11 0.0000000000000000e+00 -3.8528224780820830e-10 2.6831334987563867e-11 2.6831334987563867e-11 2.6831334987563867e-11 2.6831334987563867e-11 2.6831334987563867e-11
(Imag) 53 -1.1706898761988705e-09 -9.9685432711009100e-13 0.0000000000000000e+00 3.3232379525826615e-10 -3.0710890424963047e-10 -3.0710890424963047e-10 -3.0710890424963047e-10 -3.0710890424963047e-10 -3.0710890424963047e-10
(Real) 54 -1.0391720173049024e-09 -1.2094084470449134e-10 0.0000000000000000e+00 3.0132613760659460e-10 -3.5291878692216200e-10 -3.5291878692216200e-10 -3.5291878692216200e-10 -3.5291878692216200e-10 -3.5291878692216200e-10
(Imag) 54 1.4235384031505568e-09 -2.5281966955571250e-10 0.0000000000000000e+00 4.0025466865657985e-10 -1.0313598405372131e-10 -1.0313598405372131e-10 -1.0313598405372131e-10 -1.0313598405372131e-10 -1.0313598405372131e-10
(Real) 55 1.2554154603912184e-09 -5.7183269794460150e-10 0.0000000000000000e+00 4.1531349717648543e-10 -1.9673404728561501e-10 -1.9673404728561501e-10 -1.9673404728561501e-10 -1.9673404728561501e-10 -1.9673404728561501e-10
(Imag) 55 7.9033584989951800e-10 5.5788812870357120e-11 0.0000000000000000e+00 -2.8322720493517280e-10 3.4507517149863090e-10 3.4507517149863090e-10 3.4507517149863090e-10 3.4507517149863090e-10 3.4507517149863090e-10
(Real) 56 4.7569896501597370e-10 -1.7004506414372192e-10 0.0000000000000000e+00 -2.7037164889544937e-10 2.8752978370840396e-10 2.8752978370840396e-10 2.8752978370840396e-10 2.8752978370840396e-10 2.8752978370840396e-10
(Imag) 56 -1.1310524844770537e-09 7.8091089625799480e-10 0.0000000000000000e+00 -4.4292116274642725e-10 2.8090469303925820e-10 2.8090469303925820e-10 2.8090469303925820e-10 2.8090469303925820e-10 2.8090469303925820e-10
(Real) 57 -1.0715674347459748e-09 7.8861840318283590e-10 0.0000000000000000e+00 -4.8798781807735840e-10 3.2560636115283640e-10 3.2560636115283640e-10 3.2560636115283640e-10 3.2560636115283640e-10 3.2560636115283640e-10
(Imag) 57 -1.8499553794246570e-10 4.5761685535981185e-10 0.0000000000000000e+00 2.4651721121430985e-10 -2.0737611569496915e-10 -2.0737611569496915e-10 -2.0737611569496915e-10 -2.0737611569496915e-10 -2.0737611569496915e-10
(Real) 58 6.9822659231007206e-12 6.8359217714523180e-10 0.0000000000000000e+00 1.9648108873212705e-10 -1.1978357761950727e-10 -1.1978357761950727e-10 -1.1978357761950727e-10 -1.1978357761950727e-10 -1.1978357761950727e-10
(Imag) 58 1.0296033735118705e-09 -6.1308283459410320e-10 0.0000000000000000e+00 5.4294152192748210e-10 -3.2118934456398367e-10 -3.2118934456398367e-10 -3.2118934456398367e-10 -3.2118934456398367e-10 -3.2118934456398367e-10
(Real) 59 9.3012005654903510e-10 -3.4901194170957310e-10 0.0000000000000000e+00 5.9071347139671350e-10 -2.9200525528047235e-10 -2.9200525528047235e-10 -2.9200525528047235e-10 -2.9200525528047235e-10 -2.9200525528047235e-10
(Imag) 59 -7.0562660956103900e-11 -7.5848103872590690e-10 0.0000000000000000e+00 -1.1144287195987047e-10 6.0541981239186890e-11 6.0541981239186890e-11 6.0541981239186890e-11 6.0541981239186890e-11 6.0541981239186890e-11
(Real) 60 -3.8837625451264445e-11 -6.6199557792851430e-10 0.0000000000000000e+00 8.5613921430558480e-13 3.8621108080958360e-11 3.8621108080958360e-11 3.8621108080958360e-11 3.8621108080958360e-11 3.8621108080958360e-11
(Imag) 60 -6.9279522088176230e-10 1.1377577416935524e-10 0.0000000000000000e+00 -6.1499592810832470e-10 2.4754468973081400e-10 2.4754468973081400e-10 2.4754468973081400e-10 2.4754468973081400e-10 2.4754468973081400e-10
(Real) 61 -2.9834311454383240e-10 -1.9251677030143644e-11 0.0000000000000000e+00 -6.0593867318076940e-10 2.0285101975718232e-10 2.0285101975718232e-10 2.0285101975718232e-10 2.0285101975718232e-10 2.0285101975718232e-10
(Imag) 61 -1.7637876083548274e-11 4.7632049377579120e-10 0.0000000000000000e+00 -1.2195670091056674e-10 -2.8929617917587643e-11 -2.8929617917587643e-11 -2.8929617917587643e-11 -2.8929617917587643e-11 -2.8929617917587643e-11
(Real) 62 -2.9675902981576530e-11 2.9600047752747084e-10 0.0000000000000000e+00 -2.3328288124035640e-10 -1.4899139182134562e-11 -1.4899139182134562e-11 -1.4899139182134562e-11 -1.4899139182134562e-11 -1.4899139182134562e-11
(Imag) 62 -2.1356192419960580e-10 5.9987165814848090e-11 0.0000000000000000e+00 5.6839705635519520e-10 -1.8754230141128703e-10 -1.8754230141128703e-10 -1.8754230141128703e-10 -1.8754230141128703e-10 -1.8754230141128703e-10
(Real) 63 -7.3685143956267770e-10 4.2804487795903294e-11 0.0000000000000000e+00 5.1781589744155560e-10 -1.8627123693151600e-10 -1.8627123693151600e-10 -1.8627123693151600e-10 -1.8627123693151600e-10 -1.8627123693151600e-10
(Imag) 63 -1.0504144062841404e-11 -1.6836753110478850e-10 0.0000000000000000e+00 3.2305839104063745e-10 -6.6554009846957010e-12 -6.6554009846957010e-12 -6.6554009846957010e-12 -6.6554009846957010e-12 -6.6554009846957010e-12
(Real) 64 -6.3821385685732790e-11 -8.2442929624719650e-11 0.0000000000000000e+00 3.9533454480704480e-10 -4.5451161785572980e-11 -4.5451161785572980e-11 -4.5451161785572980e-11 -4.5451161785572980e-11 -4.5451161785572980e-11
(Imag) 64 1.1674018553114447e-09 -4.6373302340950326e-11 0.0000000000000000e+00 -4.7179246115024680e-10 1.8464692319632570e-10 1.8464692319632570e-10 1.8464692319632570e-10 1.8464692319632570e-10 1.8464692319632570e-10
(Real) 65 1.4406939289693154e-09 -1.1471625183823787e-10 0.0000000000000000e+00 -4.4659178391515770e-10 1.8252518456395034e-10 1.8252518456395034e-10 1.8252518456395034e-10 1.8252518456395034e-10 1.8252518456395034e-10
(Imag) 65 2.7621531958772003e-11 -6.1732946292970910e-12 0.0000000000000000e+00 -4.5983236862075370e-10 9.2280162990145130e-11 9.2280162990145130e-11 9.2280162990145130e-11 9.2280162990145130e-11 9.2280162990145130e-11
(Real) 66 -1.7085052565251460e-10 -1.3781876014278400e-10 0.0000000000000000e+00 -5.2580507868432550e-10 1.3222328558206444e-10 1.3222328558206444e-10 1.3222328558206444e-10 1.3222328558206444e-10 1.3222328558206444e-10
(Imag) 66 -1.5655828646321215e-09 2.1416242677265367e-10 0.0000000000000000e+00 4.3415507013224585e-10 -1.8199807685591893e-10 -1.8199807685591893e-10 -1.8199807685591893e-10 -1.8199807685591893e-10 -1.8199807685591893e-10
(Real) 67 -1.5811248456191174e-09 2.6080848711641720e-10 0.0000000000000000e+00 4.2141656483783520e-10 -1.8589106031714850e-10 -1.8589106031714850e-10 -1.8589106031714850e-10 -1.8589106031714850e-10 -1.8589106031714850e-10
(Imag) 67 5.4564120133257790e-10 3.0800771284693800e-10 0.0000000000000000e+00 6.0283680312831540e-10 -1.6443365465358550e-10 -1.6443365465358550e-10 -1.6443365465358550e-10 -1.6443365465358550e-10 -1.6443365465358550e-10
(Real) 68 1.0290946143962235e-09 4.4591611673155850e-10 0.0000000000000000e+00 6.7989400501831450e-10 -2.0137430735808330e-10 -2.0137430735808330e-10 -2.0137430735808330e-10 -2.0137430735808330e-10 -2.0137430735808330e-10
(Imag) 68 1.5637239686235125e-09 -1.9732709182319830e-10 0.0000000000000000e+00 -3.9649806532429227e-10 2.0325740347986816e-10 2.0325740347986816e-10 2.0325740347986816e-10 2.0325740347986816e-10 2.0325740347986816e-10
(Real) 69 1.5344969585290834e-09 -4.2461992144445614e-11 0.0000000000000000e+00 -3.4142394072305943e-10 2.3476224665935196e-10 2.3476224665935196e-10 2.3476224665935196e-10 2.3476224665935196e-10 2.3476224665935196e-10
(Imag) 69 -1.5034547717733929e-09 -4.6202975274072780e-10 0.0000000000000000e+00 -7.3664494624305830e-10 2.5054547288785780e-10 2.5054547288785780e-10 2.5054547288785780e-10 2.5054547288785780e-10 2.5054547288785780e-10
(Real) 70 -1.8416152062994122e-09 -2.7430156478555773e-10 0.0000000000000000e+00 -7.6233237968443500e-10 3.2333554366397310e-10 3.2333554366397310e-10 3.2333554366397310e-10 3.2333554366397310e-10 3.2333554366397310e-10
(Imag) 70 -1.4661645508146784e-09 -1.2616080203072668e-10 0.0000000000000000e+00 2.5537932564403175e-10 -2.5218983238628920e-10 -2.5218983238628920e-10 -2.5218983238628920e-10 -2.5218983238628920e-10 -2.5218983238628920e-10
(Real) 71 -1.3090201673076421e-09 -1.9655510955890601e-10 0.0000000000000000e+00 1.5327294163638248e-10 -2.4071548485798345e-10 -2.4071548485798345e-10 -2.4071548485798345e-10 -2.4071548485798345e-10 -2.4071548485798345e-10
(Imag) 71 1.9654466461999304e-09 -9.2955095493305000e-11 0.0000000000000000e+00 7.5159736871631960e-10 -4.2748024363782240e-10 -4.2748024363782240e-10 -4.2748024363782240e-10 -4.2748024363782240e-10 -4.2748024363782240e-10
(Real) 72 1.8702014675278183e-09 -5.1365604216532630e-10 0.0000000000000000e+00 7.0934209619660120e-10 -5.2996455643920940e-10 -5.2996455643920940e-10 -5.2996455643920940e-10 -5.2996455643920940e-10 -5.2996455643920940e-10
(Imag) 72 1.0183747072248320e-09 9.3486798372605170e-11 0.0000000000000000e+00 -5.1196158747525070e-11 1.9915781915337043e-10 1.9915781915337043e-10 1.9915781915337043e-10 1.9915781915337043e-10 1.9915781915337043e-10
(Real) 73 5.9655549134868910e-10 -1.9247625893986907e-10 0.0000000000000000e+00 4.2007182165437970e-11 1.1047015735622355e-10 1.1047015735622355e-10 1.1047015735622355e-10 1.1047015735622355e-10 1.1047015735622355e-10
(Imag) 73 -1.6340579826000648e-09 8.2493950367977120e-10 0.0000000000000000e+00 -6.4863630445202270e-10 5.8611954112918030e-10 5.8611954112918030e-10 5.8611954112918030e-10 5.8611954112918030e-10 5.8611954112918030e-10
(Real) 74 -1.3344548717639613e-09 9.1002050960954150e-10 0.0000000000000000e+00 -5.9196660596140540e-10 5.8859195916488540e-10 5.8859195916488540e-10 5.8859195916488540e-10 5.8859195916488540e-10 5.8859195916488540e-10
(Imag) 74 -1.1695286519212282e-10 5.4239516928167570e-10 0.0000000000000000e+00 -1.2954709667070868e-10 3.5528205824476800e-13 3.5528205824476800e-13 3.5528205824476800e-13 3.5528205824476800e-13 3.5528205824476800e-13
(Real) 75 3.2614600196769975e-10 7.9329536127448830e-10 0.0000000000000000e+00 -2.1763449425851550e-10 8.9239994638272270e-11 8.9239994638272270e-11 8.9239994638272270e-11 8.9239994638272270e-11 8.9239994638272270e-11
(Imag) 75 1.0404815966583574e-09 -7.6345009516779390e-10 0.0000000000000000e+00 5.4884922544719050e-10 -5.3103005351232470e-10 -5.3103005351232470e-10 -5.3103005351232470e-10 -5.3103005351232470e-10 -5.3103005351232470e-10
(Real) 76 7.4263149228760770e-10 -4.7920042665753890e-10 0.0000000000000000e+00 5.1450012497712240e-10 -4.2849050937688814e-10 -4.2849050937688814e-10 -4.2849050937688814e-10 -4.2849050937688814e-10 -4.2849050937688814e-10
(Imag) 76 -6.2904153844719150e-10 -8.0700216139642300e-10 0.0000000000000000e+00 3.0391864699781027e-10 -1.3976363594118347e-10 -1.3976363594118347e-10 -1.3976363594118347e-10 -1.3976363594118347e-10 -1.3976363594118347e-10
(Real) 77 -7.8887249741140870e-10 -5.8820774338295110e-10 0.0000000000000000e+00 4.0207243953002860e-10 -1.5342457683830746e-10 -1.5342457683830746e-10 -1.5342457683830746e-10 -1.5342457683830746e-10 -1.5342457683830746e-10
(Imag) 77 -4.1992259899362800e-10 2.3831904156974420e-10 0.0000000000000000e+00 -4.7333757273220630e-10 3.3055678678265274e-10 3.3055678678265274e-10 3.3055678678265274e-10 3.3055678678265274e-10 3.3055678678265274e-10
(Real) 78 -4.0551548052487085e-11 1.6230039366506013e-10 0.0000000000000000e+00 -4.1833137455576484e-10 2.7455859433458980e-10 2.7455859433458980e-10 2.7455859433458980e-10 2.7455859433458980e-10 2.7455859433458980e-10
(Imag) 78 8.0020371532056910e-10 2.5503668447564524e-10 0.0000000000000000e+00 -4.9936085368159170e-10 1.4160853650820888e-10 1.4160853650820888e-10 1.4160853650820888e-10 1.4160853650820888e-10 1.4160853650820888e-10
(Real) 79 7.4580884979692390e-10 -1.2985059690064973e-11 0.0000000000000000e+00 -5.7810819918183380e-10 1.3996003237801393e-10 1.3996003237801393e-10 1.3996003237801393e-10 1.3996003237801393e-10 1.3996003237801393e-10
(Imag) 79 -3.8309431678356576e-10 -2.9210735639360210e-10 0.0000000000000000e+00 3.4813046449692583e-10 -2.6661231289373005e-10 -2.6661231289373005e-10 -2.6661231289373005e-10 -2.6661231289373005e-10 -2.6661231289373005e-10
(Real) 80 -7.7919575814779130e-10 -5.2065374490971640e-10 0.0000000000000000e+00 2.7590560540514310e-10 -2.8374707638119685e-10 -2.8374707638119685e-10 -2.8374707638119685e-10 -2.8374707638119685e-10 -2.8374707638119685e-10
(Imag) 80 -6.8495074209655950e-10 7.0384906926561140e-11 0.0000000000000000e+00 6.3251294386535520e-10 -1.8220123966330597e-10 -1.8220123966330597e-10 -1.8220123966330597e-10 -1.8220123966330597e-10 -1.8220123966330597e-10
(Real) 81 -6.1599209362078610e-10 -1.0739939640037504e-10 0.0000000000000000e+00 6.6057071117457100e-10 -2.7330971292853350e-10 -2.7330971292853350e-10 -2.7330971292853350e-10 -2.7330971292853350e-10 -2.7330971292853350e-10
(Imag) 81 1.0559220445551347e-09 6.6952391940873300e-10 0.0000000000000000e+00 -2.2143609181306704e-10 2.8990093825760515e-10 2.8990093825760515e-10 2.8990093825760515e-10 2.8990093825760515e-10 2.8990093825760515e-10
(Real) 82 1.1560993750888119e-09 5.7960592435425240e-10 0.0000000000000000e+00 -1.9734239815002928e-10 2.3794767811717955e-10 2.3794767811717955e-10 2.3794767811717955e-10 2.3794767811717955e-10 2.3794767811717955e-10
(Imag) 82 4.7097919071376970e-10 4.3054190338360854e-10 0.0000000000000000e+00 -6.7721801308327080e-10 3.8901553981956394e-10 3.8901553981956394e-10 3.8901553981956394e-10 3.8901553981956394e-10 3.8901553981956394e-10
(Real) 83 1.7657130208866900e-10 6.8684899874828770e-10 0.0000000000000000e+00 -7.0048293495450840e-10 5.0572190060433930e-10 5.0572190060433930e-10 5.0572190060433930e-10 5.0572190060433930e-10 5.0572190060433930e-10
(Imag) 83 -1.0910255862021734e-09 -2.3926501485688910e-10 0.0000000000000000e+00 2.0625644952432340e-10 -1.1144363962700515e-10 -1.1144363962700515e-10 -1.1144363962700515e-10 -1.1144363962700515e-10 -1.1144363962700515e-10
(Real) 84 -9.4017137016823160e-10 2.6601292170036940e-10 0.0000000000000000e+00 2.2846126073838376e-10 4.9381730043555720e-11 4.9381730043555720e-11 4.9381730043555720e-11 4.9381730043555720e-11 4.9381730043555720e-11
(Imag) 84 3.2658599424104313e-10 -6.9366987130327370e-10 0.0000000000000000e+00 7.3631864102624690e-10 -5.7200481369387800e-10 -5.7200481369387800e-10 -5.7200481369387800e-10 -5.7200481369387800e-10 -5.7200481369387800e-10
(Real) 85 9.8938501431039800e-10 -4.0681848582346085e-10 0.0000000000000000e+00 7.8146869153568200e-10 -5.5283225560575430e-10 -5.5283225560575430e-10 -5.5283225560575430e-10 -5.5283225560575430e-10 -5.5283225560575430e-10
(Imag) 85 8.0249233371308120e-10 -7.4361578153011120e-10 0.0000000000000000e+00 -2.2875629309609245e-10 -2.1240937104102697e-10 -2.1240937104102697e-10 -2.1240937104102697e-10 -2.1240937104102697e-10 -2.1240937104102697e-10
(Real) 86 7.4041320010237720e-10 -1.0027841562390570e-09 0.0000000000000000e+00 -1.8191750300448127e-10 -3.3383766015934640e-10 -3.3383766015934640e-10 -3.3383766015934640e-10 -3.3383766015934640e-10 -3.3383766015934640e-10
(Imag) 86 -1.6881469944640372e-09 -5.9222560174024790e-11 0.0000000000000000e+00 -8.1590783173303750e-10 4.7223871277973170e-10 4.7223871277973170e-10 4.7223871277973170e-10 4.7223871277973170e-10 4.7223871277973170e-10
(Real) 87 -2.2466181209293185e-09 -5.2301947087319760e-10 0.0000000000000000e+00 -8.0826739146640140e-10 3.6629490801536650e-10 3.6629490801536650e-10 3.6629490801536650e-10 3.6629490801536650e-10 3.6629490801536650e-10
(Imag) 87 -7.4152146829894330e-10 9.5492831674391240e-10 0.0000000000000000e+00 8.2840818167776450e-11 3.6189224908380110e-10 3.6189224908380110e-10 3.6189224908380110e-10 3.6189224908380110e-10 3.6189224908380110e-10
(Real) 88 -7.1346208249525490e-10 6.5538203994648370e-10 0.0000000000000000e+00 -5.5265143071922650e-11 3.0983719406122630e-10 3.0983719406122630e-10 3.0983719406122630e-10 3.0983719406122630e-10 3.0983719406122630e-10
(Imag) 88 2.5286739750813660e-09 7.7915239366699150e-10 0.0000000000000000e+00 7.3264063475398870e-10 -2.6369790627802016e-10 -2.6369790627802016e-10 -2.6369790627802016e-10 -2.6369790627802016e-10 -2.6369790627802016e-10
(Real) 89 2.4951868695177035e-09 7.2277651242571590e-10 0.0000000000000000e+00 5.8965370176170080e-10 -1.9794845827746228e-10 -1.9794845827746228e-10 -1.9794845827746228e-10 -1.9794845827746228e-10 -1.9794845827746228e-10
(Imag) 89 5.1827720458958650e-10 -2.7368137281883630e-10 0.0000000000000000e+00 2.1085045238748746e-10 -2.1398621725214330e-10 -2.1398621725214330e-10 -2.1398621725214330e-10 -2.1398621725214330e-10 -2.1398621725214330e-10
(Real) 90 1.0274780141187080e-10 2.3794567191522816e-11 0.0000000000000000e+00 3.4879564856636130e-10 -1.2109928007046266e-10 -1.2109928007046266e-10 -1.2109928007046266e-10 -1.2109928007046266e-10 -1.2109928007046266e-10
(Imag) 90 -2.2154695230875950e-09 -4.0693648758331220e-10 0.0000000000000000e+00 -4.1378624122964237e-10 1.7424523101452550e-10 1.7424523101452550e-10 1.7424523101452550e-10 1.7424523101452550e-10 1.7424523101452550e-10
(Real) 91 -1.8209954349247103e-09 3.4483052556176280e-11 0.0000000000000000e+00 -2.3696992362643587e-10 1.7946749868499151e-10 1.7946749868499151e-10 1.7946749868499151e-10 1.7946749868499151e-10 1.7946749868499151e-10
(Imag) 91 5.2546054677824000e-10 -1.5011624320898630e-10 0.0000000000000000e+00 -4.4594937017635340e-10 6.1915438797943030e-11 6.1915438797943030e-11 6.1915438797943030e-11 6.1915438797943030e-11 6.1915438797943030e-11
(Real) 92 1.2047171436019491e-09 -1.2637168987267590e-10 0.0000000000000000e+00 -5.1217809386611150e-10 4.6085608331722086e-11 4.6085608331722086e-11 4.6085608331722086e-11 4.6085608331722086e-11 4.6085608331722086e-11
(Imag) 92 1.4362212283289980e-09 -4.4247888420063390e-10 0.0000000000000000e+00 9.3808352346600700e-11 -1.8323443647931890e-10 -1.8323443647931890e-10 -1.8323443647931890e-10 -1.8323443647931890e-10 -1.8323443647931890e-10
(Real) 93 1.0934707588636772e-09 -7.0600209266769550e-10 0.0000000000000000e+00 1.4668998530787423e-11 -1.6830473534984265e-10 -1.6830473534984265e-10 -1.6830473534984265e-10 -1.6830473534984265e-10 -1.6830473534984265e-10
(Imag) 93 -1.7567717477838980e-09 6.1529883168731920e-11 0.0000000000000000e+00 5.7292192845826480e-10 -6.5081278133435460e-11 -6.5081278133435460e-11 -6.5081278133435460e-11 -6.5081278133435460e-11 -6.5081278133435460e-11
(Real) 94 -1.9840290307254480e-09 2.4985211764543120e-11 0.0000000000000000e+00 6.4045361513715350e-10 -9.1052893242378640e-11 -9.1052893242378640e-11 -9.1052893242378640e-11 -9.1052893242378640e-11 -9.1052893242378640e-11
(Imag) 94 -7.6568338832003860e-10 8.2520930788902840e-10 0.0000000000000000e+00 6.1854145553194510e-12 1.3642509749469800e-10 1.3642509749469800e-10 1.3642509749469800e-10 1.3642509749469800e-10 1.3642509749469800e-10
(Real) 95 -3.6823134718175200e-10 8.9013240041140290e-10 0.0000000000000000e+00 -2.5505160872100188e-12 8.7784321122687480e-11 8.7784321122687480e-11 8.7784321122687480e-11 8.7784321122687480e-11 8.7784321122687480e-11
(Imag) 95 1.8375831477125869e-09 -4.5072633609431780e-11 0.0000000000000000e+00 -7.2388125372797260e-10 1.1601610719310582e-10 1.1601610719310582e-10 1.1601610719310582e-10 1.1601610719310582e-10 1.1601610719310582e-10
(Real) 96 1.3784074220321060e-09 -8.1620613883247160e-11 0.0000000000000000e+00 -8.1238053329454340e-10 1.4514813299480904e-10 1.4514813299480904e-10 1.4514813299480904e-10 1.4514813299480904e-10 1.4514813299480904e-10
(Imag) 96 -1.5803199317075230e-10 -9.3128648275584410e-10 0.0000000000000000e+00 1.4709847444900035e-11 -4.8359280465039260e-11 -4.8359280465039260e-11 -4.8359280465039260e-11 -4.8359280465039260e-11 -4.8359280465039260e-11
(Real) 97 -7.8929296608062800e-10 -9.2959167481434480e-10 0.0000000000000000e+00 1.0505725335664410e-11 -9.5580797147875360e-12 -9.5580797147875360e-12 -9.5580797147875360e-12 -9.5580797147875360e-12 -9.5580797147875360e-12
(Imag) 97 -7.4282758026341530e-10 3.6243490470080380e-11 0.0000000000000000e+00 8.7207488017021530e-10 -1.7935576218957037e-10 -1.7935576218957037e-10 -1.7935576218957037e-10 -1.7935576218957037e-10 -1.7935576218957037e-10
(Real) 98 -7.8594750772282600e-11 -1.2694846546970466e-10 0.0000000000000000e+00 8.7203967727314380e-10 -2.4022297672635720e-10 -2.4022297672635720e-10 -2.4022297672635720e-10 -2.4022297672635720e-10 -2.4022297672635720e-10
(Imag) 98 1.4138630754653082e-09 8.0975605463656270e-10 0.0000000000000000e+00 1.3441668612385923e-11 -4.7373158873456774e-11 -4.7373158873456774e-11 -4.7373158873456774e-11 -4.7373158873456774e-11 -4.7373158873456774e-11
(Real) 99 1.8443393466373082e-09 4.9579411691367480e-10 0.0000000000000000e+00 4.6254705168417810e-11 -1.2256060183232637e-10 -1.2256060183232637e-10 -1.2256060183232637e-10 -1.2256060183232637e-10 -1.2256060183232637e-10
(Imag) 99 -5.2137946936435850e-10 3.2740682677449490e-10 0.0000000000000000e+00 -7.9928203198449800e-10 3.2352190304318470e-10 3.2352190304318470e-10 3.2352190304318470e-10 3.2352190304318470e-10 3.2352190304318470e-10
(Real) 100 -1.0654474642468395e-09 4.2740185617144784e-10 0.0000000000000000e+00 -6.5633130283843230e-10 3.8396689581751784e-10 3.8396689581751784e-10 3.8396689581751784e-10 3.8396689581751784e-10 3.8396689581751784e-10
(Imag) 100 -1.9695709442233194e-09 3.4362436145811025e-11 0.0000000000000000e+00 -6.7891424937619620e-11 2.2111196688044740e-10 2.2111196688044740e-10 2.2111196688044740e-10 2.2111196688044740e-10 2.2111196688044740e-10
(Real) 101 -1.7572154713354620e-09 6.4686929259985640e-10 0.0000000000000000e+00 -7.7484146689680540e-11 3.2969840014491503e-10 3.2969840014491503e-10 3.2969840014491503e-10 3.2969840014491503e-10 3.2969840014491503e-10
(Imag) 101 1.5833803981576120e-09 -2.8975859966226563e-10 0.0000000000000000e+00 4.6809232384533390e-10 -3.8742133528974380e-10 -3.8742133528974380e-10 -3.8742133528974380e-10 -3.8742133528974380e-10 -3.8742133528974380e-10
(Real) 102 2.1021735035130790e-09 1.1828214965136120e-10 0.0000000000000000e+00 2.6510723195745157e-10 -3.1820999748497273e-10 -3.1820999748497273e-10 -3.1820999748497273e-10 -3.1820999748497273e-10 -3.1820999748497273e-10
(Imag) 102 1.2741263348295265e-09 -1.1133747379159965e-09 0.0000000000000000e+00 8.6873340519322390e-11 -4.0625530604563330e-10 -4.0625530604563330e-10 -4.0625530604563330e-10 -4.0625530604563330e-10 -4.0625530604563330e-10
(Real) 103 6.8578128194477490e-10 -1.2191380653135316e-09 0.0000000000000000e+00 1.1701185326862145e-10 -4.0107337632881940e-10 -4.0107337632881940e-10 -4.0107337632881940e-10 -4.0107337632881940e-10 -4.0107337632881940e-10
(Imag) 103 -2.5962101799910036e-09 -6.3524136801284280e-10 0.0000000000000000e+00 -6.3451894720934970e-11 1.9047744563835732e-10 1.9047744563835732e-10 1.9047744563835732e-10 1.9047744563835732e-10 1.9047744563835732e-10
(Real) 104 -2.9182427435263974e-09 -1.0108778825861146e-09 0.0000000000000000e+00 1.2916363405568100e-10 3.4076440328514180e-11 3.4076440328514180e-11 3.4076440328514180e-11 3.4076440328514180e-11 3.4076440328514180e-11
(Imag) 104 -1.2758007194178080e-10 8.6424778274926690e-10 0.0000000000000000e+00 -1.9030348938136120e-10 2.8746585519243830e-10 2.8746585519243830e-10 2.8746585519243830e-10 2.8746585519243830e-10 2.8746585519243830e-10
(Real) 105 3.4496827077371160e-10 1.7300522504513040e-10 0.0000000000000000e+00 -3.1330433891698467e-10 1.1019608729453178e-10 1.1019608729453178e-10 1.1019608729453178e-10 1.1019608729453178e-10 1.1019608729453178e-10
(Imag) 105 2.9516051062678180e-09 9.8836287716869010e-10 0.0000000000000000e+00 -3.1781381954560040e-10 8.4366151431183650e-11 8.4366151431183650e-11 8.4366151431183650e-11 8.4366151431183650e-11 8.4366151431183650e-11
(Real) 106 2.6048171754195547e-09 4.5270810065774390e-10 0.0000000000000000e+00 -5.0688573779794860e-10 1.0453401811881371e-10 1.0453401811881371e-10 1.0453401811881371e-10 1.0453401811881371e-10 1.0453401811881371e-10
(Imag) 106 -7.4388670934593790e-10 5.4068592689540930e-10 0.0000000000000000e+00 4.6700146842492730e-10 9.2641531003546360e-11 9.2641531003546360e-11 9.2641531003546360e-11 9.2641531003546360e-11 9.2641531003546360e-11
(Real) 107 -1.1317121346646950e-09 9.5723006466803630e-10 0.0000000000000000e+00 6.2551038259003980e-10 2.5662264792262970e-10 2.5662264792262970e-10 2.5662264792262970e-10 2.5662264792262970e-10 2.5662264792262970e-10
(Imag) 107 -1.9072888313989447e-09 5.1831651030280570e-10 0.0000000000000000e+00 6.8918490533936210e-10 -3.5321455300011690e-11 -3.5321455300011690e-11 -3.5321455300011690e-11 -3.5321455300011690e-11 -3.5321455300011690e-11
(Real) 108 -1.0028127186256883e-09 1.5767018289553960e-09 0.0000000000000000e+00 8.3152651220829470e-10 7.6514593206319240e-11 7.6514593206319240e-11 7.6514593206319240e-11 7.6514593206319240e-11 7.6514593206319240e-11
(Imag) 108 1.5543011702272356e-09 -8.7819961939216810e-10 0.0000000000000000e+00 -7.6592502242190390e-10 -3.1037281679210050e-10 -3.1037281679210050e-10 -3.1037281679210050e-10 -3.1037281679210050e-10 -3.1037281679210050e-10
(Real) 109 1.9310509170587280e-09 -3.1376592562850060e-10 0.0000000000000000e+00 -8.6178671915804770e-10 -2.5053183792711257e-10 -2.5053183792711257e-10 -2.5053183792711257e-10 -2.5053183792711257e-10 -2.5053183792711257e-10
(Imag) 109 8.2470847808730130e-11 -2.3075942754217790e-09 0.0000000000000000e+00 -8.8943487073998090e-10 -1.6752233763205170e-10 -1.6752233763205170e-10 -1.6752233763205170e-10 -1.6752233763205170e-10 -1.6752233763205170e-10
(Real) 110 -6.9739936356300200e-10 -2.4599228564621900e-09 0.0000000000000000e+00 -8.4031329041884650e-10 -1.5746123601394084e-10 -1.5746123601394084e-10 -1.5746123601394084e-10 -1.5746123601394084e-10 -1.5746123601394084e-10
(Imag) 110 -2.1358580527541366e-09 -4.7783155165713710e-10 0.0000000000000000e+00 9.0695542196882010e-10 1.0551696328582867e-10 1.0551696328582867e-10 1.0551696328582867e-10 1.0551696328582867e-10 1.0551696328582867e-10
(Real) 111 -2.0010240157298100e-09 -1.1351501992070535e-09 0.0000000000000000e+00 9.1382454753540020e-10 -6.2314798642595670e-11 -6.2314798642595670e-11 -6.2314798642595670e-11 -6.2314798642595670e-11 -6.2314798642595670e-11
(Imag) 111 1.2695695489077635e-09 2.0083807943788386e-09 0.0000000000000000e+00 6.8660069637981790e-10 2.6590480057802704e-11 2.6590480057802704e-11 2.6590480057802704e-11 2.6590480057802704e-11 2.6590480057802704e-11
(Real) 112 1.6990853061413178e-09 1.1517802324713139e-09 0.0000000000000000e+00 4.4650962324594115e-10 -1.8916534630297487e-10 -1.8916534630297487e-10 -1.8916534630297487e-10 -1.8916534630297487e-10 -1.8916534630297487e-10
(Imag) 112 1.4735191891529065e-09 1.3569615285527170e-09 0.0000000000000000e+00 -8.8637599022096110e-10 1.8261002293766785e-10 1.8261002293766785e-10 1.8261002293766785e-10 1.8261002293766785e-10 1.8261002293766785e-10
(Real) 113 5.9329956962021930e-10 1.0823184299061068e-09 0.0000000000000000e+00 -8.0476065221256410e-10 2.2136905520410323e-10 2.2136905520410323e-10 2.2136905520410323e-10 2.2136905520410323e-10 2.2136905520410323e-10
(Imag) 113 -2.0669756394917800e-09 -2.6319653847502040e-10 0.0000000000000000e+00 -1.8158054817583832e-10 4.2593786012483070e-10 4.2593786012483070e-10 4.2593786012483070e-10 4.2593786012483070e-10 4.2593786012483070e-10
(Real) 114 -2.4145880205575585e-09 3.5900676137496197e-10 0.0000000000000000e+00 5.3488891677782730e-11 6.0684337320532130e-10 6.0684337320532130e-10 6.0684337320532130e-10 6.0684337320532130e-10 6.0684337320532130e-10
(Imag) 114 4.6296815816136375e-10 -5.0331435728733420e-10 0.0000000000000000e+00 6.5400826544099990e-10 -1.8482279176508287e-10 -1.8482279176508287e-10 -1.8482279176508287e-10 -1.8482279176508287e-10 -1.8482279176508287e-10
(Real) 115 1.4162303077468780e-09 8.5600690481978040e-11 0.0000000000000000e+00 4.1721590757120750e-10 -1.3274357825479984e-10 -1.3274357825479984e-10 -1.3274357825479984e-10 -1.3274357825479984e-10 -1.3274357825479984e-10
(Imag) 115 2.6803574757071894e-09 -5.8799245891259130e-10 0.0000000000000000e+00 -2.3397922957437487e-10 -6.7513395106364260e-10 -6.7513395106364260e-10 -6.7513395106364260e-10 -6.7513395106364260e-10 -6.7513395106364260e-10
(Real) 116 2.6951456005133480e-09 -5.0298050492591710e-10 0.0000000000000000e+00 -3.5318704520447160e-10 -6.2133308694069340e-10 -6.2133308694069340e-10 -6.2133308694069340e-10 -6.2133308694069340e-10 -6.2133308694069340e-10
(Imag) 116 -2.0916403324817710e-09 -3.9014271289219093e-10 0.0000000000000000e+00 -7.6961908289058360e-11 9.8421194734099450e-11 9.8421194734099450e-11 9.8421194734099450e-11 9.8421194734099450e-11 9.8421194734099450e-11
(Real) 117 -2.4315500878246700e-09 -2.9295580729283170e-10 0.0000000000000000e+00 3.4380977498705644e-10 1.0540213469142574e-10 1.0540213469142574e-10 1.0540213469142574e-10 1.0540213469142574e-10 1.0540213469142574e-10
(Imag) 117 -2.3070355392425300e-09 3.8421227956506080e-10 0.0000000000000000e+00 4.2490509648878376e-10 5.0042287468430000e-10 5.0042287468430000e-10 5.0042287468430000e-10 5.0042287468430000e-10 5.0042287468430000e-10
(Real) 118 -1.4526467639486304e-09 4.6265619146434876e-10 0.0000000000000000e+00 4.6563194935164433e-10 3.6243683428552820e-10 3.6243683428552820e-10 3.6243683428552820e-10 3.6243683428552820e-10 3.6243683428552820e-10
(Imag) 118 2.5145022558495230e-09 -1.0232334704053824e-10 0.0000000000000000e+00 -7.8774907299673400e-10 -1.6709803817679284e-10 -1.6709803817679284e-10 -1.6709803817679284e-10 -1.6709803817679284e-10 -1.6709803817679284e-10
(Real) 119 2.5005764668673120e-09 -5.6144627436075940e-10 0.0000000000000000e+00 -1.1818277429566362e-09 -2.2414467804375448e-10 -2.2414467804375448e-10 -2.2414467804375448e-10 -2.2414467804375448e-10 -2.2414467804375448e-10
(Imag) 119 2.1487799343225609e-10 -7.8521021777297830e-10 0.0000000000000000e+00 -4.8373485226666520e-10 -2.3567181032950590e-10 -2.3567181032950590e-10 -2.3567181032950590e-10 -2.3567181032950590e-10 -2.3567181032950590e-10
(Real) 120 -1.1204784492717690e-09 -1.2403108106935212e-09 0.0000000000000000e+00 -4.6397437838450130e-10 -1.5794146747448372e-10 -1.5794146747448372e-10 -1.5794146747448372e-10 -1.5794146747448372e-10 -1.5794146747448372e-10
(Imag) 120 -2.5006244085203286e-09 8.3153479641879900e-10 0.0000000000000000e+00 1.4733779561984920e-09 2.3262959385331804e-10 2.3262959385331804e-10 2.3262959385331804e-10 2.3262959385331804e-10 2.3262959385331804e-10
(Real) 121 -2.5041951310244972e-09 7.9722137457470020e-10 0.0000000000000000e+00 1.6243375195024850e-09 1.8377813177015188e-10 1.8377813177015188e-10 1.8377813177015188e-10 1.8377813177015188e-10 1.8377813177015188e-10
(Imag) 121 2.2839393507132345e-09 1.6216611413271282e-09 0.0000000000000000e+00 3.6848969528428515e-10 1.0398653562050145e-10 1.0398653562050145e-10 1.0398653562050145e-10 1.0398653562050145e-10 1.0398653562050145e-10
(Real) 122 2.9598157992528356e-09 1.7510702515390172e-09 0.0000000000000000e+00 1.7924850909658141e-10 2.9526031565333304e-11 2.9526031565333304e-11 2.9526031565333304e-11 2.9526031565333304e-11 2.9526031565333304e-11
(Imag) 122 2.4097765703162205e-09 -5.5201205310914990e-10 0.0000000000000000e+00 -1.6304565378422955e-09 -7.6690341704000470e-11 -7.6690341704000470e-11 -7.6690341704000470e-11 -7.6690341704000470e-11 -7.6690341704000470e-11
(Real) 123 2.0115504607424535e-09 -2.6770250064146630e-10 0.0000000000000000e+00 -1.5217082181518025e-09 6.8407513864383480e-11 6.8407513864383480e-11 6.8407513864383480e-11 6.8407513864383480e-11 6.8407513864383480e-11
(Imag) 123 -3.0828619015888175e-09 -1.5537490393528255e-09 0.0000000000000000e+00 9.8987531831350290e-11 6.9923684209734080e-11 6.9923684209734080e-11 6.9923684209734080e-11 6.9923684209734080e-11 6.9923684209734080e-11
(Real) 124 -2.7484010852978870e-09 -1.1480949417535317e-09 0.0000000000000000e+00 4.2722513471674420e-10 1.8222225558149583e-10 1.8222225558149583e-10 1.8222225558149583e-10 1.8222225558149583e-10 1.8222225558149583e-10
(Imag) 124 -1.2325325660031220e-09 8.8934257642397600e-11 0.0000000000000000e+00 1.3303340369415405e-09 -2.1207334156277596e-10 -2.1207334156277596e-10 -2.1207334156277596e-10 -2.1207334156277596e-10 -2.1207334156277596e-10
(Real) 125 -1.0515741021132197e-10 1.6237159177088046e-11 0.0000000000000000e+00 1.0807970862142810e-09 -3.4218832040579164e-10 -3.4218832040579164e-10 -3.4218832040579164e-10 -3.4218832040579164e-10 -3.4218832040579164e-10
(Imag) 125 2.1354755928337385e-09 7.3333085085851860e-10 0.0000000000000000e+00 -7.3188033893081170e-10 -2.8391120270020447e-10 -2.8391120270020447e-10 -2.8391120270020447e-10 -2.8391120270020447e-10 -2.8391120270020447e-10
(Real) 126 1.4580609055332085e-09 4.3473188386671436e-10 0.0000000000000000e+00 -9.5020548861612600e-10 -3.4836164732651724e-10 -3.4836164732651724e-10 -3.4836164732651724e-10 -3.4836164732651724e-10 -3.4836164732651724e-10
(Imag) 126 -1.1681879927500600e-09 4.5075748578538980e-11 0.0000000000000000e+00 -7.7867380579127130e-10 4.7107973084469710e-10 4.7107973084469710e-10 4.7107973084469710e-10 4.7107973084469710e-10 4.7107973084469710e-10
(Real) 127 -2.2866829861599230e-09 2.2528101333367926e-10 0.0000000000000000e+00 -4.1001249484910280e-10 6.0965168501432310e-10 6.0965168501432310e-10 6.0965168501432310e-10 6.0965168501432310e-10 6.0965168501432310e-10
(Imag) 127 -8.3597506587449960e-10 -2.6070476213442970e-10 0.0000000000000000e+00 1.0350320002284066e-09 3.6033668144314940e-10 3.6033668144314940e-10 3.6033668144314940e-10 3.6033668144314940e-10 3.6033668144314940e-10
(Real) 128 -2.0362274618903712e-10 -5.2453456947455176e-11 0.0000000000000000e+00 9.6148695901980570e-10 3.6103032474452283e-10 3.6103032474452283e-10 3.6103032474452283e-10 3.6103032474452283e-10 3.6103032474452283e-10
(Imag) 128 3.0328266033779050e-09 -6.1518134492737010e-10 0.0000000000000000e+00 -2.4654013278044704e-11 -7.4190679137856670e-10 -7.4190679137856670e-10 -7.4190679137856670e-10 -7.4190679137856670e-10 -7.4190679137856670e-10
